0
0.00332,0.06,0.06,0.06,0.002,0.02,0.000364,0.000364,0.0036,2600000.0,1300000.0,100000000.0,1200000.0,28800000.0,200000000000.0,1500000.0,100.0,0.01,1.0,1.0,1.0,1e-08,1.0,1.0
0.00332,0.06,0.06,0.06,0.002,0.02,0.000364,0.000364,0.0036,2600000.0,1300000.0,100000000.0,1200000.0,28800000.0,200000000000.0,1500000.0,100.0,0.01,1.0,1.0,1.0,1e-08,1.0,1.0
0.3005909018218562,0.12089619824077985,0.5239835155782222,0.8482294922214917,0.8720146794078416,0.746892440658256,600000.3298458585,300000.4556761137,100000000.2109098,400000.43207083415,1000.2718965577509,0.7643928832894302,1.18880171557437,1.4443706920284372,1.3787596864811822,0.18178599678690066,1.2712374487301776,1.4008050117274768,28800000.581873845
0.00332,0.06,0.06,0.06,0.002,0.02,0.000364,0.000364,0.0036,2600000.0,1300000.0,100000000.0,1200000.0,28800000.0,200000000000.0,1500000.0,100.0,0.01,1.0,1.0,1.0,1e-08,1.0,1.0
-0.04885115449859322,0.27709437737961773,0.2842438796476511,0.2370433204866855,2.5028857500738853,1.2351101673187315,0.0005581239817387717,0.0005568426288265417,0.4185212823262079,2600000.9655292523,1300000.7466202732,100000000.33012688,1200001.3058437894,28799999.962735593,200000000000.53522,1500000.9601382674,100.51803788376579,0.7647327381531299,1.0321803012234374,1.7947498168498364,0.35523725344749624,0.5192690727905503,1.5700068766915243,1.721556950290277
0.1219018466252236,0.07443861534816268,0.46296353684354674,0.6371132413073057,0.4609990860092036,0.24747973821619423,600000.3938791729,300000.60800036916,100000000.10747942,400000.7274853714,1000.1721830238681,0.8406472125465648,1.8970498848202049,1.561171307578975,1.2432612407685395,0.3988570645998837,1.0570520835334725,1.3082310016803225,28800000.04144036
-0.04885115449859322,0.27709437737961773,0.2842438796476511,0.2370433204866855,2.5028857500738853,1.2351101673187315,0.0005581239817387717,0.0005568426288265417,0.4185212823262079,2600000.9655292523,1300000.7466202732,100000000.33012688,1200001.3058437894,28799999.962735593,200000000000.53522,1500000.9601382674,100.51803788376579,0.7647327381531299,1.0321803012234374,1.7947498168498364,0.35523725344749624,0.5192690727905503,1.5700068766915243,1.721556950290277
-0.04885115449859322,0.27709437737961773,0.2842438796476511,0.2370433204866855,2.5028857500738853,1.2351101673187315,0.0005581239817387717,0.0005568426288265417,0.4185212823262079,2600000.9655292523,1300000.7466202732,100000000.33012688,1200001.3058437894,28799999.962735593,200000000000.53522,1500000.9601382674,100.51803788376579,0.7647327381531299,1.0321803012234374,1.7947498168498364,0.35523725344749624,0.5192690727905503,1.5700068766915243,1.721556950290277
-0.04885115449859322,0.27709437737961773,0.2842438796476511,0.2370433204866855,2.5028857500738853,1.2351101673187315,0.0005581239817387717,0.0005568426288265417,0.4185212823262079,2600000.9655292523,1300000.7466202732,100000000.33012688,1200001.3058437894,28799999.962735593,200000000000.53522,1500000.9601382674,100.51803788376579,0.7647327381531299,1.0321803012234374,1.7947498168498364,0.35523725344749624,0.5192690727905503,1.5700068766915243,1.721556950290277
-0.04885115449859322,0.27709437737961773,0.2842438796476511,0.2370433204866855,2.5028857500738853,1.2351101673187315,0.0005581239817387717,0.0005568426288265417,0.4185212823262079,2600000.9655292523,1300000.7466202732,100000000.33012688,1200001.3058437894,28799999.962735593,200000000000.53522,1500000.9601382674,100.51803788376579,0.7647327381531299,1.0321803012234374,1.7947498168498364,0.35523725344749624,0.5192690727905503,1.5700068766915243,1.721556950290277
-0.04885115449859322,0.27709437737961773,0.2842438796476511,0.2370433204866855,2.5028857500738853,1.2351101673187315,0.0005581239817387717,0.0005568426288265417,0.4185212823262079,2600000.9655292523,1300000.7466202732,100000000.33012688,1200001.3058437894,28799999.962735593,200000000000.53522,1500000.9601382674,100.51803788376579,0.7647327381531299,1.0321803012234374,1.7947498168498364,0.35523725344749624,0.5192690727905503,1.5700068766915243,1.721556950290277
-0.04885115449859322,0.27709437737961773,0.2842438796476511,0.2370433204866855,2.5028857500738853,1.2351101673187315,0.0005581239817387717,0.0005568426288265417,0.4185212823262079,2600000.9655292523,1300000.7466202732,100000000.33012688,1200001.3058437894,28799999.962735593,200000000000.53522,1500000.9601382674,100.51803788376579,0.7647327381531299,1.0321803012234374,1.7947498168498364,0.35523725344749624,0.5192690727905503,1.5700068766915243,1.721556950290277
-0.04885115449859322,0.27709437737961773,0.2842438796476511,0.2370433204866855,2.5028857500738853,1.2351101673187315,0.0005581239817387717,0.0005568426288265417,0.4185212823262079,2600000.9655292523,1300000.7466202732,100000000.33012688,1200001.3058437894,28799999.962735593,200000000000.53522,1500000.9601382674,100.51803788376579,0.7647327381531299,1.0321803012234374,1.7947498168498364,0.35523725344749624,0.5192690727905503,1.5700068766915243,1.721556950290277
-0.04885115449859322,0.27709437737961773,0.2842438796476511,0.2370433204866855,2.5028857500738853,1.2351101673187315,0.0005581239817387717,0.0005568426288265417,0.4185212823262079,2600000.9655292523,1300000.7466202732,100000000.33012688,1200001.3058437894,28799999.962735593,200000000000.53522,1500000.9601382674,100.51803788376579,0.7647327381531299,1.0321803012234374,1.7947498168498364,0.35523725344749624,0.5192690727905503,1.5700068766915243,1.721556950290277
-0.04885115449859322,0.27709437737961773,0.2842438796476511,0.2370433204866855,2.5028857500738853,1.2351101673187315,0.0005581239817387717,0.0005568426288265417,0.4185212823262079,2600000.9655292523,1300000.7466202732,100000000.33012688,1200001.3058437894,28799999.962735593,200000000000.53522,1500000.9601382674,100.51803788376579,0.7647327381531299,1.0321803012234374,1.7947498168498364,0.35523725344749624,0.5192690727905503,1.5700068766915243,1.721556950290277
-0.04885115449859322,0.27709437737961773,0.2842438796476511,0.2370433204866855,2.5028857500738853,1.2351101673187315,0.0005581239817387717,0.0005568426288265417,0.4185212823262079,2600000.9655292523,1300000.7466202732,100000000.33012688,1200001.3058437894,28799999.962735593,200000000000.53522,1500000.9601382674,100.51803788376579,0.7647327381531299,1.0321803012234374,1.7947498168498364,0.35523725344749624,0.5192690727905503,1.5700068766915243,1.721556950290277
-0.04885115449859322,0.27709437737961773,0.2842438796476511,0.2370433204866855,2.5028857500738853,1.2351101673187315,0.0005581239817387717,0.0005568426288265417,0.4185212823262079,2600000.9655292523,1300000.7466202732,100000000.33012688,1200001.3058437894,28799999.962735593,200000000000.53522,1500000.9601382674,100.51803788376579,0.7647327381531299,1.0321803012234374,1.7947498168498364,0.35523725344749624,0.5192690727905503,1.5700068766915243,1.721556950290277
-0.04885115449859322,0.27709437737961773,0.2842438796476511,0.2370433204866855,2.5028857500738853,1.2351101673187315,0.0005581239817387717,0.0005568426288265417,0.4185212823262079,2600000.9655292523,1300000.7466202732,100000000.33012688,1200001.3058437894,28799999.962735593,200000000000.53522,1500000.9601382674,100.51803788376579,0.7647327381531299,1.0321803012234374,1.7947498168498364,0.35523725344749624,0.5192690727905503,1.5700068766915243,1.721556950290277
-0.04885115449859322,0.27709437737961773,0.2842438796476511,0.2370433204866855,2.5028857500738853,1.2351101673187315,0.0005581239817387717,0.0005568426288265417,0.4185212823262079,2600000.9655292523,1300000.7466202732,100000000.33012688,1200001.3058437894,28799999.962735593,200000000000.53522,1500000.9601382674,100.51803788376579,0.7647327381531299,1.0321803012234374,1.7947498168498364,0.35523725344749624,0.5192690727905503,1.5700068766915243,1.721556950290277
-0.04885115449859322,0.27709437737961773,0.2842438796476511,0.2370433204866855,2.5028857500738853,1.2351101673187315,0.0005581239817387717,0.0005568426288265417,0.4185212823262079,2600000.9655292523,1300000.7466202732,100000000.33012688,1200001.3058437894,28799999.962735593,200000000000.53522,1500000.9601382674,100.51803788376579,0.7647327381531299,1.0321803012234374,1.7947498168498364,0.35523725344749624,0.5192690727905503,1.5700068766915243,1.721556950290277
0.010600661288109402,0.3587829520342782,0.6717572099412603,0.32498811314077825,0.8542377849494484,0.2996858047825185,600000.6998195415,300000.4178705012,100000000.27895743,400000.7859682313,1000.3313416796458,0.4287585876009392,1.8977772522187044,1.5053503413892932,1.0104644998895835,0.7697568306461517,1.2238631526183992,1.8329777613992069,28800000.694925852
0.5675840627859208,0.722642812715901,0.547434892599776,0.20981104370703912,0.36808145089677924,0.8352916721536598,600000.7671572458,300000.5996097818,100000000.22445166,400000.2279797578,1000.1109694296933,0.36354415247137567,1.8412781412331536,1.3394737768742746,1.6100628658061775,0.46918661269999473,1.6330020948336879,1.1737581062536815,28800000.875112105
0.03591505663017236,0.13205965547445997,0.34333442485375815,0.5647679848964393,0.6676331433470308,0.2337159986747394,600000.0064262487,300000.8476815878,100000000.7781515,400000.6538085034,1000.5403873942622,0.22723563907212066,1.3387137059283374,1.405409355261902,1.8784223333176677,0.6255306044527535,1.5033984175994566,1.371703632066936,28800000.577487815
0.7156282802126437,0.6537380943121682,0.9161458471384074,0.8713836135147881,0.6478748233401557,0.5630367477528022,600000.5769943988,300000.596984232,100000000.39244223,400000.25431524304,1000.8518252563077,0.09973242546805684,1.3489453764847517,1.8528052428624306,1.3028342691628616,0.4805219653125386,1.7266104671554259,1.6605152351214234,28800000.188675027
0.6979499081889552,0.650802297646784,0.7286385923382503,0.13458467539846708,0.51356890248489,0.6736699845843491,600000.0597337343,300000.6793399672,100000000.00721247,400000.6752808874,1000.8216686854895,0.7306491548968994,1.2194327149168327,1.674340156277938,1.556047150380028,0.4120318445659838,1.2018218250487462,1.7907831509618752,28800000.59497259
0.3481717995056181,0.14597325464852945,0.5012528225437638,0.7484084678311824,0.8115642941224939,0.30485726580326955,600000.6691234033,300000.6893879556,100000000.09340893,400000.89221941435,1000.0310483958945,0.22961525984147915,1.640075748335497,1.01545572669832,1.744947216550731,0.4649536718001764,1.8943402787548975,1.8893394946497906,28800000.523204315
0.19349540107627816,0.7640532355065057,0.8239802401278284,0.08170058503043856,0.15549915365732478,0.48891633146131963,600000.8193459231,300000.72184157395,100000000.79991059,400000.8239211508,1000.4045048400319,0.245130778263387,1.8589287072256895,1.613936685492916,1.3069358425377078,0.007862038264398569,1.606158709184482,1.7444964940659906,28800000.36719423
-0.04885115449859322,0.27709437737961773,0.2842438796476511,0.2370433204866855,2.5028857500738853,1.2351101673187315,0.0005581239817387717,0.0005568426288265417,0.4185212823262079,2600000.9655292523,1300000.7466202732,100000000.33012688,1200001.3058437894,28799999.962735593,200000000000.53522,1500000.9601382674,100.51803788376579,0.7647327381531299,1.0321803012234374,1.7947498168498364,0.35523725344749624,0.5192690727905503,1.5700068766915243,1.721556950290277
1.5328989859188904,4.573210475104306,4.982207715753423,7.748630994905065,0.006566615625008783,5.07002523411576,600001.9550356304,300002.2315303275,100000004.11450823,400005.2874105107,1000.1303557583077,-1.0024269954545824,4.5294226379176115,6.547733450809201,-0.36152792363228986,1.207408485983541,5.2554896926003325,7.182150827279619,28800008.789259482
-0.04885115449859322,0.27709437737961773,0.2842438796476511,0.2370433204866855,2.5028857500738853,1.2351101673187315,0.0005581239817387717,0.0005568426288265417,0.4185212823262079,2600000.9655292523,1300000.7466202732,100000000.33012688,1200001.3058437894,28799999.962735593,200000000000.53522,1500000.9601382674,100.51803788376579,0.7647327381531299,1.0321803012234374,1.7947498168498364,0.35523725344749624,0.5192690727905503,1.5700068766915243,1.721556950290277
0.00332,0.06,0.06,0.06,0.002,0.02,0.000364,0.000364,0.0036,2600000.0,1300000.0,100000000.0,1200000.0,28800000.0,200000000000.0,1500000.0,100.0,0.01,1.0,1.0,1.0,1e-08,1.0,1.0
0.00332,0.06,0.06,0.06,0.002,0.02,0.000364,0.000364,0.0036,2600000.0,1300000.0,100000000.0,1200000.0,28800000.0,200000000000.0,1500000.0,100.0,0.01,1.0,1.0,1.0,1e-08,1.0,1.0
0.00332,0.06,0.06,0.06,0.002,0.02,0.000364,0.000364,0.0036,2600000.0,1300000.0,100000000.0,1200000.0,28800000.0,200000000000.0,1500000.0,100.0,0.01,1.0,1.0,1.0,1e-08,1.0,1.0
0.00332,0.06,0.06,0.06,0.002,0.02,0.000364,0.000364,0.0036,2600000.0,1300000.0,100000000.0,1200000.0,28800000.0,200000000000.0,1500000.0,100.0,0.01,1.0,1.0,1.0,1e-08,1.0,1.0
0.00332,0.06,0.06,0.06,0.002,0.02,0.000364,0.000364,0.0036,2600000.0,1300000.0,100000000.0,1200000.0,28800000.0,200000000000.0,1500000.0,100.0,0.01,1.0,1.0,1.0,1e-08,1.0,1.0
