0
0.00332,0.06,0.06,0.06,0.002,0.02,0.000364,0.000364,0.0036,2600000.0,1300000.0,100000000.0,1200000.0,28800000.0,200000000000.0,1500000.0,100.0,0.01,1.0,1.0,1.0,1e-08,1.0,1.0
0.00332,0.06,0.06,0.06,0.002,0.02,0.000364,0.000364,0.0036,2600000.0,1300000.0,100000000.0,1200000.0,28800000.0,200000000000.0,1500000.0,100.0,0.01,1.0,1.0,1.0,1e-08,1.0,1.0
0.3005909018218562,0.12089619824077985,0.5239835155782222,0.8482294922214917,0.8720146794078416,0.746892440658256,600000.3298458585,300000.4556761137,100000000.2109098,400000.43207083415,1000.2718965577509,0.7643928832894302,1.18880171557437,1.4443706920284372,1.3787596864811822,0.18178599678690066,1.2712374487301776,1.4008050117274768,28800000.581873845
0.00332,0.06,0.06,0.06,0.002,0.02,0.000364,0.000364,0.0036,2600000.0,1300000.0,100000000.0,1200000.0,28800000.0,200000000000.0,1500000.0,100.0,0.01,1.0,1.0,1.0,1e-08,1.0,1.0
-0.04885115449859322,0.27709437737961773,0.2842438796476511,0.2370433204866855,2.5028857500738853,1.2351101673187315,0.0005581239817387717,0.0005568426288265417,0.4185212823262079,2600000.9655292523,1300000.7466202732,100000000.33012688,1200001.3058437894,28799999.962735593,200000000000.53522,1500000.9601382674,100.51803788376579,0.7647327381531299,1.0321803012234374,1.7947498168498364,0.35523725344749624,0.5192690727905503,1.5700068766915243,1.721556950290277
0.1219018466252236,0.07443861534816268,0.46296353684354674,0.6371132413073057,0.4609990860092036,0.24747973821619423,600000.3938791729,300000.60800036916,100000000.10747942,400000.7274853714,1000.1721830238681,0.8406472125465648,1.8970498848202049,1.561171307578975,1.2432612407685395,0.3988570645998837,1.0570520835334725,1.3082310016803225,28800000.04144036
-0.04885115449859322,0.27709437737961773,0.2842438796476511,0.2370433204866855,2.5028857500738853,1.2351101673187315,0.0005581239817387717,0.0005568426288265417,0.4185212823262079,2600000.9655292523,1300000.7466202732,100000000.33012688,1200001.3058437894,28799999.962735593,200000000000.53522,1500000.9601382674,100.51803788376579,0.7647327381531299,1.0321803012234374,1.7947498168498364,0.35523725344749624,0.5192690727905503,1.5700068766915243,1.721556950290277
-0.04885115449859322,0.27709437737961773,0.2842438796476511,0.2370433204866855,2.5028857500738853,1.2351101673187315,0.0005581239817387717,0.0005568426288265417,0.4185212823262079,2600000.9655292523,1300000.7466202732,100000000.33012688,1200001.3058437894,28799999.962735593,200000000000.53522,1500000.9601382674,100.51803788376579,0.7647327381531299,1.0321803012234374,1.7947498168498364,0.35523725344749624,0.5192690727905503,1.5700068766915243,1.721556950290277
-0.04885115449859322,0.27709437737961773,0.2842438796476511,0.2370433204866855,2.5028857500738853,1.2351101673187315,0.0005581239817387717,0.0005568426288265417,0.4185212823262079,2600000.9655292523,1300000.7466202732,100000000.33012688,1200001.3058437894,28799999.962735593,200000000000.53522,1500000.9601382674,100.51803788376579,0.7647327381531299,1.0321803012234374,1.7947498168498364,0.35523725344749624,0.5192690727905503,1.5700068766915243,1.721556950290277
-0.04885115449859322,0.27709437737961773,0.2842438796476511,0.2370433204866855,2.5028857500738853,1.2351101673187315,0.0005581239817387717,0.0005568426288265417,0.4185212823262079,2600000.9655292523,1300000.7466202732,100000000.33012688,1200001.3058437894,28799999.962735593,200000000000.53522,1500000.9601382674,100.51803788376579,0.7647327381531299,1.0321803012234374,1.7947498168498364,0.35523725344749624,0.5192690727905503,1.5700068766915243,1.721556950290277
-0.04885115449859322,0.27709437737961773,0.2842438796476511,0.2370433204866855,2.5028857500738853,1.2351101673187315,0.0005581239817387717,0.0005568426288265417,0.4185212823262079,2600000.9655292523,1300000.7466202732,100000000.33012688,1200001.3058437894,28799999.962735593,200000000000.53522,1500000.9601382674,100.51803788376579,0.7647327381531299,1.0321803012234374,1.7947498168498364,0.35523725344749624,0.5192690727905503,1.5700068766915243,1.721556950290277
-0.04885115449859322,0.27709437737961773,0.2842438796476511,0.2370433204866855,2.5028857500738853,1.2351101673187315,0.0005581239817387717,0.0005568426288265417,0.4185212823262079,2600000.9655292523,1300000.7466202732,100000000.33012688,1200001.3058437894,28799999.962735593,200000000000.53522,1500000.9601382674,100.51803788376579,0.7647327381531299,1.0321803012234374,1.7947498168498364,0.35523725344749624,0.5192690727905503,1.5700068766915243,1.721556950290277
-0.04885115449859322,0.27709437737961773,0.2842438796476511,0.2370433204866855,2.5028857500738853,1.2351101673187315,0.0005581239817387717,0.0005568426288265417,0.4185212823262079,2600000.9655292523,1300000.7466202732,100000000.33012688,1200001.3058437894,28799999.962735593,200000000000.53522,1500000.9601382674,100.51803788376579,0.7647327381531299,1.0321803012234374,1.7947498168498364,0.35523725344749624,0.5192690727905503,1.5700068766915243,1.721556950290277
-0.04885115449859322,0.27709437737961773,0.2842438796476511,0.2370433204866855,2.5028857500738853,1.2351101673187315,0.0005581239817387717,0.0005568426288265417,0.4185212823262079,2600000.9655292523,1300000.7466202732,100000000.33012688,1200001.3058437894,28799999.962735593,200000000000.53522,1500000.9601382674,100.51803788376579,0.7647327381531299,1.0321803012234374,1.7947498168498364,0.35523725344749624,0.5192690727905503,1.5700068766915243,1.721556950290277
-0.04885115449859322,0.27709437737961773,0.2842438796476511,0.2370433204866855,2.5028857500738853,1.2351101673187315,0.0005581239817387717,0.0005568426288265417,0.4185212823262079,2600000.9655292523,1300000.7466202732,100000000.33012688,1200001.3058437894,28799999.962735593,200000000000.53522,1500000.9601382674,100.51803788376579,0.7647327381531299,1.0321803012234374,1.7947498168498364,0.35523725344749624,0.5192690727905503,1.5700068766915243,1.721556950290277
-0.04885115449859322,0.27709437737961773,0.2842438796476511,0.2370433204866855,2.5028857500738853,1.2351101673187315,0.0005581239817387717,0.0005568426288265417,0.4185212823262079,2600000.9655292523,1300000.7466202732,100000000.33012688,1200001.3058437894,28799999.962735593,200000000000.53522,1500000.9601382674,100.51803788376579,0.7647327381531299,1.0321803012234374,1.7947498168498364,0.35523725344749624,0.5192690727905503,1.5700068766915243,1.721556950290277
-0.04885115449859322,0.27709437737961773,0.2842438796476511,0.2370433204866855,2.5028857500738853,1.2351101673187315,0.0005581239817387717,0.0005568426288265417,0.4185212823262079,2600000.9655292523,1300000.7466202732,100000000.33012688,1200001.3058437894,28799999.962735593,200000000000.53522,1500000.9601382674,100.51803788376579,0.7647327381531299,1.0321803012234374,1.7947498168498364,0.35523725344749624,0.5192690727905503,1.5700068766915243,1.721556950290277
-0.04885115449859322,0.27709437737961773,0.2842438796476511,0.2370433204866855,2.5028857500738853,1.2351101673187315,0.0005581239817387717,0.0005568426288265417,0.4185212823262079,2600000.9655292523,1300000.7466202732,100000000.33012688,1200001.3058437894,28799999.962735593,200000000000.53522,1500000.9601382674,100.51803788376579,0.7647327381531299,1.0321803012234374,1.7947498168498364,0.35523725344749624,0.5192690727905503,1.5700068766915243,1.721556950290277
-0.04885115449859322,0.27709437737961773,0.2842438796476511,0.2370433204866855,2.5028857500738853,1.2351101673187315,0.0005581239817387717,0.0005568426288265417,0.4185212823262079,2600000.9655292523,1300000.7466202732,100000000.33012688,1200001.3058437894,28799999.962735593,200000000000.53522,1500000.9601382674,100.51803788376579,0.7647327381531299,1.0321803012234374,1.7947498168498364,0.35523725344749624,0.5192690727905503,1.5700068766915243,1.721556950290277
-0.04885115449859322,0.27709437737961773,0.2842438796476511,0.2370433204866855,2.5028857500738853,1.2351101673187315,0.0005581239817387717,0.0005568426288265417,0.4185212823262079,2600000.9655292523,1300000.7466202732,100000000.33012688,1200001.3058437894,28799999.962735593,200000000000.53522,1500000.9601382674,100.51803788376579,0.7647327381531299,1.0321803012234374,1.7947498168498364,0.35523725344749624,0.5192690727905503,1.5700068766915243,1.721556950290277
0.010600661288109402,0.3587829520342782,0.6717572099412603,0.32498811314077825,0.8542377849494484,0.2996858047825185,600000.6998195415,300000.4178705012,100000000.27895743,400000.7859682313,1000.3313416796458,0.4287585876009392,1.8977772522187044,1.5053503413892932,1.0104644998895835,0.7697568306461517,1.2238631526183992,1.8329777613992069,28800000.694925852
0.5675840627859208,0.722642812715901,0.547434892599776,0.20981104370703912,0.36808145089677924,0.8352916721536598,600000.7671572458,300000.5996097818,100000000.22445166,400000.2279797578,1000.1109694296933,0.36354415247137567,1.8412781412331536,1.3394737768742746,1.6100628658061775,0.46918661269999473,1.6330020948336879,1.1737581062536815,28800000.875112105
0.03591505663017236,0.13205965547445997,0.34333442485375815,0.5647679848964393,0.6676331433470308,0.2337159986747394,600000.0064262487,300000.8476815878,100000000.7781515,400000.6538085034,1000.5403873942622,0.22723563907212066,1.3387137059283374,1.405409355261902,1.8784223333176677,0.6255306044527535,1.5033984175994566,1.371703632066936,28800000.577487815
0.7156282802126437,0.6537380943121682,0.9161458471384074,0.8713836135147881,0.6478748233401557,0.5630367477528022,600000.5769943988,300000.596984232,100000000.39244223,400000.25431524304,1000.8518252563077,0.09973242546805684,1.3489453764847517,1.8528052428624306,1.3028342691628616,0.4805219653125386,1.7266104671554259,1.6605152351214234,28800000.188675027
0.6979499081889552,0.650802297646784,0.7286385923382503,0.13458467539846708,0.51356890248489,0.6736699845843491,600000.0597337343,300000.6793399672,100000000.00721247,400000.6752808874,1000.8216686854895,0.7306491548968994,1.2194327149168327,1.674340156277938,1.556047150380028,0.4120318445659838,1.2018218250487462,1.7907831509618752,28800000.59497259
0.3481717995056181,0.14597325464852945,0.5012528225437638,0.7484084678311824,0.8115642941224939,0.30485726580326955,600000.6691234033,300000.6893879556,100000000.09340893,400000.89221941435,1000.0310483958945,0.22961525984147915,1.640075748335497,1.01545572669832,1.744947216550731,0.4649536718001764,1.8943402787548975,1.8893394946497906,28800000.523204315
0.19349540107627816,0.7640532355065057,0.8239802401278284,0.08170058503043856,0.15549915365732478,0.48891633146131963,600000.8193459231,300000.72184157395,100000000.79991059,400000.8239211508,1000.4045048400319,0.245130778263387,1.8589287072256895,1.613936685492916,1.3069358425377078,0.007862038264398569,1.606158709184482,1.7444964940659906,28800000.36719423
-0.04885115449859322,0.27709437737961773,0.2842438796476511,0.2370433204866855,2.5028857500738853,1.2351101673187315,0.0005581239817387717,0.0005568426288265417,0.4185212823262079,2600000.9655292523,1300000.7466202732,100000000.33012688,1200001.3058437894,28799999.962735593,200000000000.53522,1500000.9601382674,100.51803788376579,0.7647327381531299,1.0321803012234374,1.7947498168498364,0.35523725344749624,0.5192690727905503,1.5700068766915243,1.721556950290277
1.5328989859188904,4.573210475104306,4.982207715753423,7.748630994905065,0.006566615625008783,5.07002523411576,600001.9550356304,300002.2315303275,100000004.11450823,400005.2874105107,1000.1303557583077,-1.0024269954545824,4.5294226379176115,6.547733450809201,-0.36152792363228986,1.207408485983541,5.2554896926003325,7.182150827279619,28800008.789259482
-0.04885115449859322,0.27709437737961773,0.2842438796476511,0.2370433204866855,2.5028857500738853,1.2351101673187315,0.0005581239817387717,0.0005568426288265417,0.4185212823262079,2600000.9655292523,1300000.7466202732,100000000.33012688,1200001.3058437894,28799999.962735593,200000000000.53522,1500000.9601382674,100.51803788376579,0.7647327381531299,1.0321803012234374,1.7947498168498364,0.35523725344749624,0.5192690727905503,1.5700068766915243,1.721556950290277
0.00332,0.06,0.06,0.06,0.002,0.02,0.000364,0.000364,0.0036,2600000.0,1300000.0,100000000.0,1200000.0,28800000.0,200000000000.0,1500000.0,100.0,0.01,1.0,1.0,1.0,1e-08,1.0,1.0
0.00332,0.06,0.06,0.06,0.002,0.02,0.000364,0.000364,0.0036,2600000.0,1300000.0,100000000.0,1200000.0,28800000.0,200000000000.0,1500000.0,100.0,0.01,1.0,1.0,1.0,1e-08,1.0,1.0
0.00332,0.06,0.06,0.06,0.002,0.02,0.000364,0.000364,0.0036,2600000.0,1300000.0,100000000.0,1200000.0,28800000.0,200000000000.0,1500000.0,100.0,0.01,1.0,1.0,1.0,1e-08,1.0,1.0
0.00332,0.06,0.06,0.06,0.002,0.02,0.000364,0.000364,0.0036,2600000.0,1300000.0,100000000.0,1200000.0,28800000.0,200000000000.0,1500000.0,100.0,0.01,1.0,1.0,1.0,1e-08,1.0,1.0
0.00332,0.06,0.06,0.06,0.002,0.02,0.000364,0.000364,0.0036,2600000.0,1300000.0,100000000.0,1200000.0,28800000.0,200000000000.0,1500000.0,100.0,0.01,1.0,1.0,1.0,1e-08,1.0,1.0
0.3324629027999106,0.5024062417224047,0.9847923435147052,0.04646342327062378,0.6939377791918497,0.4891552195646157,0.0014054220001300127,0.0006658366836431561,0.004818999817034675,2600000.3907374367,1300000.4762113143,100000000.73959808,1200000.229568284,28800000.777467526,200000000000.39597,1500000.1564518127,100.19244360672805,0.21388159274114185,1.5398177449984547,2.4934716470713654,1.3700105719407651,0.46360322430636447,1.052647370006412,1.811847417431375
0.3324629027999106,0.5024062417224047,0.9847923435147052,0.04646342327062378,0.6939377791918497,0.4891552195646157,0.0014054220001300127,0.0006658366836431561,0.004818999817034675,2600000.3907374367,1300000.4762113143,100000000.73959808,1200000.229568284,28800000.777467526,200000000000.39597,1500000.1564518127,100.19244360672805,0.21388159274114185,1.5398177449984547,2.4934716470713654,1.3700105719407651,0.46360322430636447,1.052647370006412,1.811847417431375
1.5328989859188904,4.573210475104306,4.982207715753423,7.748630994905065,0.006566615625008783,5.07002523411576,600001.9550356304,300002.2315303275,100000004.11450823,400005.2874105107,1000.1303557583077,-1.0024269954545824,4.5294226379176115,6.547733450809201,-0.36152792363228986,1.207408485983541,5.2554896926003325,7.182150827279619,28800008.789259482
1.5328989859188904,4.573210475104306,4.982207715753423,7.748630994905065,0.006566615625008783,5.07002523411576,600001.9550356304,300002.2315303275,100000004.11450823,400005.2874105107,1000.1303557583077,-1.0024269954545824,4.5294226379176115,6.547733450809201,-0.36152792363228986,1.207408485983541,5.2554896926003325,7.182150827279619,28800008.789259482
0.3324629027999106,0.5024062417224047,0.9847923435147052,0.04646342327062378,0.6939377791918497,0.4891552195646157,0.0014054220001300127,0.0006658366836431561,0.004818999817034675,2600000.3907374367,1300000.4762113143,100000000.73959808,1200000.229568284,28800000.777467526,200000000000.39597,1500000.1564518127,100.19244360672805,0.21388159274114185,1.5398177449984547,2.4934716470713654,1.3700105719407651,0.46360322430636447,1.052647370006412,1.811847417431375
0.3324629027999106,0.5024062417224047,0.9847923435147052,0.04646342327062378,0.6939377791918497,0.4891552195646157,0.0014054220001300127,0.0006658366836431561,0.004818999817034675,2600000.3907374367,1300000.4762113143,100000000.73959808,1200000.229568284,28800000.777467526,200000000000.39597,1500000.1564518127,100.19244360672805,0.21388159274114185,1.5398177449984547,2.4934716470713654,1.3700105719407651,0.46360322430636447,1.052647370006412,1.811847417431375
0.3324629027999106,0.5024062417224047,0.9847923435147052,0.04646342327062378,0.6939377791918497,0.4891552195646157,0.0014054220001300127,0.0006658366836431561,0.004818999817034675,2600000.3907374367,1300000.4762113143,100000000.73959808,1200000.229568284,28800000.777467526,200000000000.39597,1500000.1564518127,100.19244360672805,0.21388159274114185,1.5398177449984547,2.4934716470713654,1.3700105719407651,0.46360322430636447,1.052647370006412,1.811847417431375
0.3324629027999106,0.5024062417224047,0.9847923435147052,0.04646342327062378,0.6939377791918497,0.4891552195646157,0.0014054220001300127,0.0006658366836431561,0.004818999817034675,2600000.3907374367,1300000.4762113143,100000000.73959808,1200000.229568284,28800000.777467526,200000000000.39597,1500000.1564518127,100.19244360672805,0.21388159274114185,1.5398177449984547,2.4934716470713654,1.3700105719407651,0.46360322430636447,1.052647370006412,1.811847417431375
0.3324629027999106,0.5024062417224047,0.9847923435147052,0.04646342327062378,0.6939377791918497,0.4891552195646157,0.0014054220001300127,0.0006658366836431561,0.004818999817034675,2600000.3907374367,1300000.4762113143,100000000.73959808,1200000.229568284,28800000.777467526,200000000000.39597,1500000.1564518127,100.19244360672805,0.21388159274114185,1.5398177449984547,2.4934716470713654,1.3700105719407651,0.46360322430636447,1.052647370006412,1.811847417431375
0.3324629027999106,0.5024062417224047,0.9847923435147052,0.04646342327062378,0.6939377791918497,0.4891552195646157,0.0014054220001300127,0.0006658366836431561,0.004818999817034675,2600000.3907374367,1300000.4762113143,100000000.73959808,1200000.229568284,28800000.777467526,200000000000.39597,1500000.1564518127,100.19244360672805,0.21388159274114185,1.5398177449984547,2.4934716470713654,1.3700105719407651,0.46360322430636447,1.052647370006412,1.811847417431375
0.3324629027999106,0.5024062417224047,0.9847923435147052,0.04646342327062378,0.6939377791918497,0.4891552195646157,0.0014054220001300127,0.0006658366836431561,0.004818999817034675,2600000.3907374367,1300000.4762113143,100000000.73959808,1200000.229568284,28800000.777467526,200000000000.39597,1500000.1564518127,100.19244360672805,0.21388159274114185,1.5398177449984547,2.4934716470713654,1.3700105719407651,0.46360322430636447,1.052647370006412,1.811847417431375
0.3324629027999106,0.5024062417224047,0.9847923435147052,0.04646342327062378,0.6939377791918497,0.4891552195646157,0.0014054220001300127,0.0006658366836431561,0.004818999817034675,2600000.3907374367,1300000.4762113143,100000000.73959808,1200000.229568284,28800000.777467526,200000000000.39597,1500000.1564518127,100.19244360672805,0.21388159274114185,1.5398177449984547,2.4934716470713654,1.3700105719407651,0.46360322430636447,1.052647370006412,1.811847417431375
0.3324629027999106,0.5024062417224047,0.9847923435147052,0.04646342327062378,0.6939377791918497,0.4891552195646157,0.0014054220001300127,0.0006658366836431561,0.004818999817034675,2600000.3907374367,1300000.4762113143,100000000.73959808,1200000.229568284,28800000.777467526,200000000000.39597,1500000.1564518127,100.19244360672805,0.21388159274114185,1.5398177449984547,2.4934716470713654,1.3700105719407651,0.46360322430636447,1.052647370006412,1.811847417431375
0.3324629027999106,0.5024062417224047,0.9847923435147052,0.04646342327062378,0.6939377791918497,0.4891552195646157,0.0014054220001300127,0.0006658366836431561,0.004818999817034675,2600000.3907374367,1300000.4762113143,100000000.73959808,1200000.229568284,28800000.777467526,200000000000.39597,1500000.1564518127,100.19244360672805,0.21388159274114185,1.5398177449984547,2.4934716470713654,1.3700105719407651,0.46360322430636447,1.052647370006412,1.811847417431375
0.3324629027999106,0.5024062417224047,0.9847923435147052,0.04646342327062378,0.6939377791918497,0.4891552195646157,0.0014054220001300127,0.0006658366836431561,0.004818999817034675,2600000.3907374367,1300000.4762113143,100000000.73959808,1200000.229568284,28800000.777467526,200000000000.39597,1500000.1564518127,100.19244360672805,0.21388159274114185,1.5398177449984547,2.4934716470713654,1.3700105719407651,0.46360322430636447,1.052647370006412,1.811847417431375
0.3324629027999106,0.5024062417224047,0.9847923435147052,0.04646342327062378,0.6939377791918497,0.4891552195646157,0.0014054220001300127,0.0006658366836431561,0.004818999817034675,2600000.3907374367,1300000.4762113143,100000000.73959808,1200000.229568284,28800000.777467526,200000000000.39597,1500000.1564518127,100.19244360672805,0.21388159274114185,1.5398177449984547,2.4934716470713654,1.3700105719407651,0.46360322430636447,1.052647370006412,1.811847417431375
0.3324629027999106,0.5024062417224047,0.9847923435147052,0.04646342327062378,0.6939377791918497,0.4891552195646157,0.0014054220001300127,0.0006658366836431561,0.004818999817034675,2600000.3907374367,1300000.4762113143,100000000.73959808,1200000.229568284,28800000.777467526,200000000000.39597,1500000.1564518127,100.19244360672805,0.21388159274114185,1.5398177449984547,2.4934716470713654,1.3700105719407651,0.46360322430636447,1.052647370006412,1.811847417431375
0.3324629027999106,0.5024062417224047,0.9847923435147052,0.04646342327062378,0.6939377791918497,0.4891552195646157,0.0014054220001300127,0.0006658366836431561,0.004818999817034675,2600000.3907374367,1300000.4762113143,100000000.73959808,1200000.229568284,28800000.777467526,200000000000.39597,1500000.1564518127,100.19244360672805,0.21388159274114185,1.5398177449984547,2.4934716470713654,1.3700105719407651,0.46360322430636447,1.052647370006412,1.811847417431375
0.3324629027999106,0.5024062417224047,0.9847923435147052,0.04646342327062378,0.6939377791918497,0.4891552195646157,0.0014054220001300127,0.0006658366836431561,0.004818999817034675,2600000.3907374367,1300000.4762113143,100000000.73959808,1200000.229568284,28800000.777467526,200000000000.39597,1500000.1564518127,1000.0,0.21388159274114185,1.5398177449984547,2.4934716470713654,1.3700105719407651,0.46360322430636447,1.052647370006412,1.811847417431375
0.3324629027999106,0.5024062417224047,0.9847923435147052,0.04646342327062378,0.6939377791918497,0.4891552195646157,0.0014054220001300127,0.0006658366836431561,0.004818999817034675,2600000.3907374367,1300000.4762113143,100000000.73959808,1200000.229568284,28800000.777467526,200000000000.39597,20000.0,100.19244360672805,0.21388159274114185,1.5398177449984547,2.4934716470713654,1.3700105719407651,0.46360322430636447,1.052647370006412,1.811847417431375
0.3324629027999106,0.5024062417224047,0.9847923435147052,0.04646342327062378,0.6939377791918497,0.4891552195646157,0.0014054220001300127,0.0006658366836431561,0.004818999817034675,2600000.3907374367,1300000.4762113143,100000000.73959808,1200000.229568284,28800000.777467526,200000000000.39597,2000.0,100.19244360672805,0.21388159274114185,1.5398177449984547,2.4934716470713654,1.3700105719407651,0.46360322430636447,1.052647370006412,1.811847417431375
0.3324629027999106,0.5024062417224047,0.9847923435147052,0.04646342327062378,0.6939377791918497,0.4891552195646157,0.0014054220001300127,0.0006658366836431561,0.004818999817034675,2600000.3907374367,1300000.4762113143,100000000.73959808,1200000.229568284,28800000.777467526,200000000000.39597,200000.0,100.19244360672805,0.21388159274114185,1.5398177449984547,2.4934716470713654,1.3700105719407651,0.46360322430636447,1.052647370006412,1.811847417431375
0.3324629027999106,0.5024062417224047,0.9847923435147052,0.04646342327062378,0.6939377791918497,0.4891552195646157,0.0014054220001300127,0.0006658366836431561,0.004818999817034675,2600000.3907374367,1300000.4762113143,100000000.73959808,1200000.229568284,28800000.777467526,200000000000.39597,500000.0,100.19244360672805,0.21388159274114185,1.5398177449984547,2.4934716470713654,1.3700105719407651,0.46360322430636447,1.052647370006412,1.811847417431375
0.3324629027999106,0.5024062417224047,0.9847923435147052,0.04646342327062378,0.6939377791918497,0.4891552195646157,0.0014054220001300127,0.0006658366836431561,0.004818999817034675,2600000.3907374367,1300000.4762113143,100000000.73959808,1200000.229568284,28800000.777467526,200000000000.39597,500000.0,100.19244360672805,0.21388159274114185,1.5398177449984547,2.4934716470713654,1.3700105719407651,0.46360322430636447,1.052647370006412,1.811847417431375
0.3324629027999106,0.5024062417224047,0.9847923435147052,0.04646342327062378,0.6939377791918497,0.4891552195646157,0.0014054220001300127,0.0006658366836431561,0.004818999817034675,2600000.3907374367,1300000.4762113143,100000000.73959808,1200000.229568284,28800000.777467526,200000000000.39597,700000.0,100.19244360672805,0.21388159274114185,1.5398177449984547,2.4934716470713654,1.3700105719407651,0.46360322430636447,1.052647370006412,1.811847417431375
0.3324629027999106,0.5024062417224047,0.9847923435147052,0.04646342327062378,0.6939377791918497,0.4891552195646157,0.0014054220001300127,0.0006658366836431561,0.004818999817034675,2600000.3907374367,1300000.4762113143,100000000.73959808,1200000.229568284,28800000.777467526,200000000000.39597,300000.0,100.19244360672805,0.21388159274114185,1.5398177449984547,2.4934716470713654,1.3700105719407651,0.46360322430636447,1.052647370006412,1.811847417431375
0.3324629027999106,0.5024062417224047,0.9847923435147052,0.04646342327062378,0.6939377791918497,0.4891552195646157,0.0014054220001300127,0.0006658366836431561,0.004818999817034675,2600000.3907374367,1300000.4762113143,100000000.73959808,1200000.229568284,28800000.777467526,200000000000.39597,400000.0,100.19244360672805,0.21388159274114185,1.5398177449984547,2.4934716470713654,1.3700105719407651,0.46360322430636447,1.052647370006412,1.811847417431375
0.3324629027999106,0.5024062417224047,0.9847923435147052,0.04646342327062378,0.6939377791918497,0.4891552195646157,0.0014054220001300127,0.0006658366836431561,0.004818999817034675,2600000.3907374367,1300000.4762113143,100000000.73959808,1200000.229568284,28800000.777467526,200000000000.39597,600000.0,100.19244360672805,0.21388159274114185,1.5398177449984547,2.4934716470713654,1.3700105719407651,0.46360322430636447,1.052647370006412,1.811847417431375
0.3324629027999106,0.5024062417224047,0.9847923435147052,0.04646342327062378,0.6939377791918497,0.4891552195646157,0.0014054220001300127,0.0006658366836431561,0.004818999817034675,2600000.3907374367,1300000.4762113143,100000000.73959808,1200000.229568284,28800000.777467526,200000000000.39597,600000.0,100.19244360672805,0.21388159274114185,1.5398177449984547,2.4934716470713654,1.3700105719407651,0.46360322430636447,1.052647370006412,1.811847417431375
0.3324629027999106,0.5024062417224047,0.9847923435147052,0.04646342327062378,0.6939377791918497,0.4891552195646157,0.0014054220001300127,0.0006658366836431561,0.004818999817034675,2600000.3907374367,1300000.4762113143,100000000.73959808,1200000.229568284,28800000.777467526,200000000000.39597,600000.0,100.19244360672805,0.21388159274114185,1.5398177449984547,2.4934716470713654,1.3700105719407651,0.46360322430636447,1.052647370006412,1.811847417431375
0.3324629027999106,0.5024062417224047,0.9847923435147052,0.04646342327062378,0.6939377791918497,0.4891552195646157,0.0014054220001300127,0.0006658366836431561,0.004818999817034675,2600000.3907374367,1300000.4762113143,100000000.73959808,1200000.229568284,28800000.777467526,200000000000.39597,550000.0,100.19244360672805,0.21388159274114185,1.5398177449984547,2.4934716470713654,1.3700105719407651,0.46360322430636447,1.052647370006412,1.811847417431375
0.3324629027999106,0.5024062417224047,0.9847923435147052,0.04646342327062378,0.6939377791918497,0.4891552195646157,0.0014054220001300127,0.0006658366836431561,0.004818999817034675,2600000.3907374367,1300000.4762113143,100000000.73959808,1200000.229568284,28800000.777467526,200000000000.39597,550000.0,100.19244360672805,0.21388159274114185,1.5398177449984547,2.4934716470713654,1.3700105719407651,0.46360322430636447,1.052647370006412,1.811847417431375
0.3324629027999106,0.5024062417224047,0.9847923435147052,0.04646342327062378,0.6939377791918497,0.4891552195646157,0.0014054220001300127,0.0006658366836431561,0.004818999817034675,2600000.3907374367,1300000.4762113143,100000000.73959808,1200000.229568284,28800000.777467526,200000000000.39597,520000.0,100.19244360672805,0.21388159274114185,1.5398177449984547,2.4934716470713654,1.3700105719407651,0.46360322430636447,1.052647370006412,1.811847417431375
0.3324629027999106,0.5024062417224047,0.9847923435147052,0.04646342327062378,0.6939377791918497,0.4891552195646157,0.0014054220001300127,0.0006658366836431561,0.004818999817034675,2600000.3907374367,1300000.4762113143,100000000.73959808,1200000.229568284,28800000.777467526,200000000000.39597,510000.0,100.19244360672805,0.21388159274114185,1.5398177449984547,2.4934716470713654,1.3700105719407651,0.46360322430636447,1.052647370006412,1.811847417431375
0.3324629027999106,0.5024062417224047,0.9847923435147052,0.04646342327062378,0.6939377791918497,0.4891552195646157,0.0014054220001300127,0.0006658366836431561,0.004818999817034675,2600000.3907374367,1300000.4762113143,100000000.73959808,1200000.229568284,28800000.777467526,200000000000.39597,550000.0,100.19244360672805,0.21388159274114185,1.5398177449984547,2.4934716470713654,1.3700105719407651,0.46360322430636447,1.052647370006412,1.811847417431375
0.3324629027999106,0.5024062417224047,0.9847923435147052,0.04646342327062378,0.6939377791918497,0.4891552195646157,0.0014054220001300127,0.0006658366836431561,0.004818999817034675,2600000.3907374367,1300000.4762113143,100000000.73959808,1200000.229568284,28800000.777467526,200000000000.39597,550000.0,100.19244360672805,0.21388159274114185,1.5398177449984547,2.4934716470713654,1.3700105719407651,0.46360322430636447,1.052647370006412,1.811847417431375
0.3324629027999106,0.5024062417224047,0.9847923435147052,0.04646342327062378,0.6939377791918497,0.4891552195646157,0.0014054220001300127,0.0006658366836431561,0.004818999817034675,2600000.3907374367,1300000.4762113143,100000000.73959808,1200000.229568284,28800000.777467526,200000000000.39597,500000.0,100.19244360672805,0.21388159274114185,1.5398177449984547,2.4934716470713654,1.3700105719407651,0.46360322430636447,1.052647370006412,1.811847417431375
0.3324629027999106,0.5024062417224047,0.9847923435147052,0.04646342327062378,0.6939377791918497,0.4891552195646157,0.0014054220001300127,0.0006658366836431561,0.004818999817034675,2600000.3907374367,1300000.4762113143,100000000.73959808,1200000.229568284,28800000.777467526,200000.0,500000.0,100.19244360672805,0.21388159274114185,1.5398177449984547,2.4934716470713654,1.3700105719407651,0.46360322430636447,1.052647370006412,1.811847417431375
0.3324629027999106,0.5024062417224047,0.9847923435147052,0.04646342327062378,0.6939377791918497,0.4891552195646157,0.0014054220001300127,0.0006658366836431561,0.004818999817034675,2600000.3907374367,1300000.4762113143,100000000.73959808,1200000.229568284,28800000.777467526,2000.0,500000.0,100.19244360672805,0.21388159274114185,1.5398177449984547,2.4934716470713654,1.3700105719407651,0.46360322430636447,1.052647370006412,1.811847417431375
0.3324629027999106,0.5024062417224047,0.9847923435147052,0.04646342327062378,0.6939377791918497,0.4891552195646157,0.0014054220001300127,0.0006658366836431561,0.004818999817034675,2600000.3907374367,1300000.4762113143,100000000.73959808,1200000.229568284,28800000.777467526,2.0,500000.0,100.19244360672805,0.21388159274114185,1.5398177449984547,2.4934716470713654,1.3700105719407651,0.46360322430636447,1.052647370006412,1.811847417431375
0.3324629027999106,0.5024062417224047,0.9847923435147052,0.04646342327062378,0.6939377791918497,0.4891552195646157,0.0014054220001300127,0.0006658366836431561,0.004818999817034675,2600000.3907374367,1300000.4762113143,100000000.73959808,1200000.229568284,28800000.777467526,20000.0,500000.0,100.19244360672805,0.21388159274114185,1.5398177449984547,2.4934716470713654,1.3700105719407651,0.46360322430636447,1.052647370006412,1.811847417431375
0.3324629027999106,0.5024062417224047,0.9847923435147052,0.04646342327062378,0.6939377791918497,0.4891552195646157,0.0014054220001300127,0.0006658366836431561,0.004818999817034675,2600000.3907374367,1300000.4762113143,100000000.73959808,1200000.229568284,3000.0,20000.0,500000.0,100.19244360672805,0.21388159274114185,1.5398177449984547,2.4934716470713654,1.3700105719407651,0.46360322430636447,1.052647370006412,1.811847417431375
0.3324629027999106,0.5024062417224047,0.9847923435147052,0.04646342327062378,0.6939377791918497,0.4891552195646157,0.0014054220001300127,0.0006658366836431561,0.004818999817034675,2600000.3907374367,1300000.4762113143,100000000.73959808,1200000.229568284,300000000000.0,20000.0,500000.0,100.19244360672805,0.21388159274114185,1.5398177449984547,2.4934716470713654,1.3700105719407651,0.46360322430636447,1.052647370006412,1.811847417431375
0.3324629027999106,0.5024062417224047,0.9847923435147052,0.04646342327062378,0.6939377791918497,0.4891552195646157,0.0014054220001300127,0.0006658366836431561,0.004818999817034675,2600000.3907374367,1300000.4762113143,100000000.73959808,1200000.229568284,300000.0,20000.0,500000.0,100.19244360672805,0.21388159274114185,1.5398177449984547,2.4934716470713654,1.3700105719407651,0.46360322430636447,1.052647370006412,1.811847417431375
0.3324629027999106,0.5024062417224047,0.9847923435147052,0.04646342327062378,0.6939377791918497,0.4891552195646157,0.0014054220001300127,0.0006658366836431561,0.004818999817034675,2600000.3907374367,1300000.4762113143,100000000.73959808,1200000.229568284,300000000.0,20000.0,500000.0,100.19244360672805,0.21388159274114185,1.5398177449984547,2.4934716470713654,1.3700105719407651,0.46360322430636447,1.052647370006412,1.811847417431375
0.3324629027999106,0.5024062417224047,0.9847923435147052,0.04646342327062378,0.6939377791918497,0.4891552195646157,0.0014054220001300127,0.0006658366836431561,0.004818999817034675,2600000.3907374367,1300000.4762113143,100000000.73959808,1200000.229568284,300000000.0,20000.0,500000.0,100.19244360672805,0.21388159274114185,1.5398177449984547,2.4934716470713654,1.3700105719407651,0.46360322430636447,1.052647370006412,1.811847417431375
0.3324629027999106,0.5024062417224047,0.9847923435147052,0.04646342327062378,0.6939377791918497,0.4891552195646157,0.0014054220001300127,0.0006658366836431561,0.004818999817034675,2600000.3907374367,1300000.4762113143,100000000.73959808,1200000.229568284,10000000.0,20000.0,500000.0,100.19244360672805,0.21388159274114185,1.5398177449984547,2.4934716470713654,1.3700105719407651,0.46360322430636447,1.052647370006412,1.811847417431375
0.3324629027999106,0.5024062417224047,0.9847923435147052,0.04646342327062378,0.6939377791918497,0.4891552195646157,0.0014054220001300127,0.0006658366836431561,0.004818999817034675,2600000.3907374367,1300000.4762113143,100000000.73959808,1200000.229568284,20000000.0,20000.0,500000.0,100.19244360672805,0.21388159274114185,1.5398177449984547,2.4934716470713654,1.3700105719407651,0.46360322430636447,1.052647370006412,1.811847417431375
0.3324629027999106,0.5024062417224047,0.9847923435147052,0.04646342327062378,0.6939377791918497,0.4891552195646157,0.0014054220001300127,0.0006658366836431561,0.004818999817034675,2600000.3907374367,1300000.4762113143,100000000.73959808,1200000.229568284,5000000.0,20000.0,500000.0,100.19244360672805,0.21388159274114185,1.5398177449984547,2.4934716470713654,1.3700105719407651,0.46360322430636447,1.052647370006412,1.811847417431375
0.3324629027999106,0.5024062417224047,0.9847923435147052,0.04646342327062378,0.6939377791918497,0.4891552195646157,0.0014054220001300127,0.0006658366836431561,0.004818999817034675,2600000.3907374367,1300000.4762113143,100000000.73959808,1200000.229568284,10000000.0,20000.0,500000.0,100.19244360672805,0.21388159274114185,1.5398177449984547,2.4934716470713654,1.3700105719407651,0.46360322430636447,1.052647370006412,1.811847417431375
0.3324629027999106,0.5024062417224047,0.9847923435147052,0.04646342327062378,0.6939377791918497,0.4891552195646157,0.0014054220001300127,0.0006658366836431561,0.004818999817034675,2600000.3907374367,1300000.4762113143,100000000.73959808,1200000.229568284,7000000.0,20000.0,500000.0,100.19244360672805,0.21388159274114185,1.5398177449984547,2.4934716470713654,1.3700105719407651,0.46360322430636447,1.052647370006412,1.811847417431375
0.3324629027999106,0.5024062417224047,0.9847923435147052,0.04646342327062378,0.6939377791918497,0.4891552195646157,0.0014054220001300127,0.0006658366836431561,0.004818999817034675,2600000.3907374367,1300000.4762113143,100000000.73959808,1200000.229568284,8500000.0,20000.0,500000.0,100.19244360672805,0.21388159274114185,1.5398177449984547,2.4934716470713654,1.3700105719407651,0.46360322430636447,1.052647370006412,1.811847417431375
0.3324629027999106,0.5024062417224047,0.9847923435147052,0.04646342327062378,0.6939377791918497,0.4891552195646157,0.0014054220001300127,0.0006658366836431561,0.004818999817034675,2600000.3907374367,1300000.4762113143,100000000.73959808,1200000.229568284,8000000.0,20000.0,500000.0,100.19244360672805,0.21388159274114185,1.5398177449984547,2.4934716470713654,1.3700105719407651,0.46360322430636447,1.052647370006412,1.811847417431375
0.3324629027999106,0.5024062417224047,0.9847923435147052,0.04646342327062378,0.6939377791918497,0.4891552195646157,0.0014054220001300127,0.0006658366836431561,0.004818999817034675,2600000.3907374367,1300000.4762113143,100000000.73959808,1200000.229568284,8000000.0,20000.0,500000.0,100.19244360672805,0.21388159274114185,1.5398177449984547,2.4934716470713654,1.3700105719407651,0.46360322430636447,1.052647370006412,1.811847417431375
0.3324629027999106,0.5024062417224047,0.9847923435147052,0.04646342327062378,0.6939377791918497,0.4891552195646157,0.0014054220001300127,0.0006658366836431561,0.004818999817034675,2600000.3907374367,1300000.4762113143,100000000.73959808,1200.0,8000000.0,20000.0,500000.0,100.19244360672805,0.21388159274114185,1.5398177449984547,2.4934716470713654,1.3700105719407651,0.46360322430636447,1.052647370006412,1.811847417431375
0.3324629027999106,0.5024062417224047,0.9847923435147052,0.04646342327062378,0.6939377791918497,0.4891552195646157,0.0014054220001300127,0.0006658366836431561,0.004818999817034675,2600000.3907374367,1300000.4762113143,100000000.73959808,1200000.0,8200000.0,20000.0,500000.0,100.19244360672805,0.21388159274114185,1.5398177449984547,2.4934716470713654,1.3700105719407651,0.46360322430636447,1.052647370006412,1.811847417431375
0.3324629027999106,0.5024062417224047,0.9847923435147052,0.04646342327062378,0.6939377791918497,0.4891552195646157,0.0014054220001300127,0.0006658366836431561,0.004818999817034675,26000.0,13000.0,100000000.73959808,1200000.0,8200000.0,20000.0,500000.0,100.19244360672805,0.21388159274114185,1.5398177449984547,2.4934716470713654,1.3700105719407651,0.46360322430636447,1.052647370006412,1.811847417431375
0.00332,0.06,0.06,0.06,0.002,0.02,0.000364,0.000364,0.0036,2600000.0,1300000.0,100000000.0,1200000.0,8000000.0,20000.0,500000.0,100.0,0.01,1.0,1.0,1.0,1e-08,1.0,1.0
0.31017887286314205,0.5376291774162929,0.9865163767897404,-0.007075991007611111,0.7190785269465497,0.46639473610870413,0.0005666876123111284,0.0006285199983011176,0.0015015196058792482,2600000.3860055762,1300000.4857341417,100000000.82273686,1200000.0429661283,8199999.962021294,19999.98661655496,499999.96509393497,100.18178622210336,0.1866598236104792,1.5477792010323344,2.4516072955613497,1.4037607701539008,0.46724396846178623,1.0116581297935294,1.8015613172845952
0.31017887286314205,0.5376291774162929,0.9865163767897404,-0.007075991007611111,0.7190785269465497,0.46639473610870413,0.0005666876123111284,0.0006285199983011176,0.0015015196058792482,2600000.3860055762,1300000.4857341417,100000000.82273686,1200000.0429661283,8199999.962021294,19999.98661655496,499999.96509393497,100.18178622210336,0.1866598236104792,1.5477792010323344,2.4516072955613497,1.4037607701539008,0.46724396846178623,1.0116581297935294,1.8015613172845952
0.31017887286314205,0.5376291774162929,0.9865163767897404,-0.007075991007611111,0.7190785269465497,0.46639473610870413,0.0005666876123111284,0.0006285199983011176,0.0015015196058792482,2600000.3860055762,1300000.4857341417,100000000.82273686,1200000.0429661283,8199999.962021294,19999.98661655496,499999.96509393497,100.18178622210336,0.1866598236104792,1.5477792010323344,2.4516072955613497,1.4037607701539008,0.46724396846178623,1.0116581297935294,1.8015613172845952
0.31017887286314205,0.5376291774162929,0.9865163767897404,-0.007075991007611111,0.7190785269465497,0.46639473610870413,0.0005666876123111284,0.0006285199983011176,0.0015015196058792482,2600000.3860055762,1300000.4857341417,100000000.82273686,1200000.0429661283,8199999.962021294,19999.98661655496,499999.96509393497,100.18178622210336,0.1866598236104792,1.5477792010323344,2.4516072955613497,1.4037607701539008,0.46724396846178623,1.0116581297935294,1.8015613172845952
0.31017887286314205,0.5376291774162929,0.9865163767897404,-0.007075991007611111,0.7190785269465497,0.46639473610870413,0.0005666876123111284,0.0006285199983011176,0.0015015196058792482,2600000.3860055762,1300000.4857341417,100000000.82273686,1200000.0429661283,8199999.962021294,19999.98661655496,499999.96509393497,100.18178622210336,0.1866598236104792,1.5477792010323344,2.4516072955613497,1.4037607701539008,0.46724396846178623,1.0116581297935294,1.8015613172845952
0.31017887286314205,0.5376291774162929,0.9865163767897404,-0.007075991007611111,0.7190785269465497,0.46639473610870413,0.0005666876123111284,0.0006285199983011176,0.0015015196058792482,2600000.3860055762,1300000.4857341417,100000000.82273686,1200000.0429661283,8199999.962021294,19999.98661655496,499999.96509393497,100.18178622210336,0.1866598236104792,1.5477792010323344,2.4516072955613497,1.4037607701539008,0.46724396846178623,1.0116581297935294,1.8015613172845952
0.31017887286314205,0.5376291774162929,0.9865163767897404,-0.007075991007611111,0.7190785269465497,0.46639473610870413,0.0005666876123111284,0.0006285199983011176,0.0015015196058792482,2600000.3860055762,1300000.4857341417,100000000.82273686,1200000.0429661283,8199999.962021294,19999.98661655496,499999.96509393497,100.18178622210336,0.1866598236104792,1.5477792010323344,2.4516072955613497,1.4037607701539008,0.46724396846178623,1.0116581297935294,1.8015613172845952
0.31017887286314205,0.5376291774162929,0.9865163767897404,-0.007075991007611111,0.7190785269465497,0.46639473610870413,0.0005666876123111284,0.0006285199983011176,0.0015015196058792482,2600000.3860055762,1300000.4857341417,100000000.82273686,1200000.0429661283,8199999.962021294,19999.98661655496,499999.96509393497,100.18178622210336,0.1866598236104792,1.5477792010323344,2.4516072955613497,1.4037607701539008,0.46724396846178623,1.0116581297935294,1.8015613172845952
0.31017887286314205,0.5376291774162929,0.9865163767897404,-0.007075991007611111,0.7190785269465497,0.46639473610870413,0.0005666876123111284,0.0006285199983011176,0.0015015196058792482,2600000.3860055762,1300000.4857341417,100000000.82273686,1200000.0429661283,8199999.962021294,19999.98661655496,499999.96509393497,100.18178622210336,0.1866598236104792,1.5477792010323344,2.4516072955613497,1.4037607701539008,0.46724396846178623,1.0116581297935294,1.8015613172845952
0.31017887286314205,0.5376291774162929,0.9865163767897404,-0.007075991007611111,0.7190785269465497,0.46639473610870413,0.0005666876123111284,0.0006285199983011176,0.0015015196058792482,2600000.3860055762,1300000.4857341417,100000000.82273686,1200000.0429661283,8199999.962021294,19999.98661655496,499999.96509393497,100.18178622210336,0.1866598236104792,1.5477792010323344,2.4516072955613497,1.4037607701539008,0.46724396846178623,1.0116581297935294,1.8015613172845952
0.31017887286314205,0.5376291774162929,0.9865163767897404,-0.007075991007611111,0.7190785269465497,0.46639473610870413,0.0005666876123111284,0.0006285199983011176,0.0015015196058792482,2600000.3860055762,1300000.4857341417,100000000.82273686,1200000.0429661283,8199999.962021294,19999.98661655496,499999.96509393497,100.18178622210336,0.1866598236104792,1.5477792010323344,2.4516072955613497,1.4037607701539008,0.46724396846178623,1.0116581297935294,1.8015613172845952
0.31017887286314205,0.5376291774162929,0.9865163767897404,-0.007075991007611111,0.7190785269465497,0.46639473610870413,0.0005666876123111284,0.0006285199983011176,0.0015015196058792482,2600000.3860055762,1300000.4857341417,100000000.82273686,1200000.0429661283,8199999.962021294,19999.98661655496,499999.96509393497,100.18178622210336,0.1866598236104792,1.5477792010323344,2.4516072955613497,1.4037607701539008,0.46724396846178623,1.0116581297935294,1.8015613172845952
0.31017887286314205,0.5376291774162929,0.9865163767897404,-0.007075991007611111,0.7190785269465497,0.46639473610870413,0.0005666876123111284,0.0006285199983011176,0.0015015196058792482,2600000.3860055762,1300000.4857341417,100000000.82273686,1200000.0429661283,8199999.962021294,19999.98661655496,480000.0,100.18178622210336,0.1866598236104792,1.5477792010323344,2.4516072955613497,1.4037607701539008,0.46724396846178623,1.0116581297935294,1.8015613172845952
0.31017887286314205,0.5376291774162929,0.9865163767897404,-0.007075991007611111,0.7190785269465497,0.46639473610870413,0.0005666876123111284,0.0006285199983011176,0.0015015196058792482,2600000.3860055762,1300000.4857341417,100000000.82273686,1200000.0429661283,8199999.962021294,19999.98661655496,300000.0,100.18178622210336,0.1866598236104792,1.5477792010323344,2.4516072955613497,1.4037607701539008,0.46724396846178623,1.0116581297935294,1.8015613172845952
0.31017887286314205,0.5376291774162929,0.9865163767897404,-0.007075991007611111,0.7190785269465497,0.46639473610870413,0.0005666876123111284,0.0006285199983011176,0.0015015196058792482,2600000.3860055762,1300000.4857341417,100000000.82273686,1200000.0429661283,8199999.962021294,19999.98661655496,100000.0,100.18178622210336,0.1866598236104792,1.5477792010323344,2.4516072955613497,1.4037607701539008,0.46724396846178623,1.0116581297935294,1.8015613172845952
0.31017887286314205,0.5376291774162929,0.9865163767897404,-0.007075991007611111,0.7190785269465497,0.46639473610870413,0.0005666876123111284,0.0006285199983011176,0.0015015196058792482,2600000.3860055762,1300000.4857341417,100000000.82273686,1200000.0429661283,8199999.962021294,19999.98661655496,350000.0,100.18178622210336,0.1866598236104792,1.5477792010323344,2.4516072955613497,1.4037607701539008,0.46724396846178623,1.0116581297935294,1.8015613172845952
0.31017887286314205,0.5376291774162929,0.9865163767897404,-0.007075991007611111,0.7190785269465497,0.46639473610870413,0.0005666876123111284,0.0006285199983011176,0.0015015196058792482,2600000.3860055762,1300000.4857341417,100000000.82273686,1200000.0429661283,8199999.962021294,19999.98661655496,250000.0,100.18178622210336,0.1866598236104792,1.5477792010323344,2.4516072955613497,1.4037607701539008,0.46724396846178623,1.0116581297935294,1.8015613172845952
0.31017887286314205,0.5376291774162929,0.9865163767897404,-0.007075991007611111,0.7190785269465497,0.46639473610870413,0.0005666876123111284,0.0006285199983011176,0.0015015196058792482,2600000.3860055762,1300000.4857341417,100000000.82273686,1200000.0429661283,8199999.962021294,19999.98661655496,150000.0,100.18178622210336,0.1866598236104792,1.5477792010323344,2.4516072955613497,1.4037607701539008,0.46724396846178623,1.0116581297935294,1.8015613172845952
0.31017887286314205,0.5376291774162929,0.9865163767897404,-0.007075991007611111,0.7190785269465497,0.46639473610870413,0.0005666876123111284,0.0006285199983011176,0.0015015196058792482,2600000.3860055762,1300000.4857341417,100000000.82273686,1200000.0429661283,8199999.962021294,19999.98661655496,275000.0,100.18178622210336,0.1866598236104792,1.5477792010323344,2.4516072955613497,1.4037607701539008,0.46724396846178623,1.0116581297935294,1.8015613172845952
0.31017887286314205,0.5376291774162929,0.9865163767897404,-0.007075991007611111,0.7190785269465497,0.46639473610870413,0.0005666876123111284,0.0006285199983011176,0.0015015196058792482,2600000.3860055762,1300000.4857341417,100000000.82273686,1200000.0429661283,8199999.962021294,10000.0,275000.0,100.18178622210336,0.1866598236104792,1.5477792010323344,2.4516072955613497,1.4037607701539008,0.46724396846178623,1.0116581297935294,1.8015613172845952
0.31017887286314205,0.5376291774162929,0.9865163767897404,-0.007075991007611111,0.7190785269465497,0.46639473610870413,0.0005666876123111284,0.0006285199983011176,0.0015015196058792482,2600000.3860055762,1300000.4857341417,100000000.82273686,1200000.0429661283,8199999.962021294,100.0,275000.0,100.18178622210336,0.1866598236104792,1.5477792010323344,2.4516072955613497,1.4037607701539008,0.46724396846178623,1.0116581297935294,1.8015613172845952
0.31017887286314205,0.5376291774162929,0.9865163767897404,-0.007075991007611111,0.7190785269465497,0.46639473610870413,0.0005666876123111284,0.0006285199983011176,0.0015015196058792482,2600000.3860055762,1300000.4857341417,100000000.82273686,1200000.0429661283,20000000.0,20000.0,275000.0,100.18178622210336,0.1866598236104792,1.5477792010323344,2.4516072955613497,1.4037607701539008,0.46724396846178623,1.0116581297935294,1.8015613172845952
0.31017887286314205,0.5376291774162929,0.9865163767897404,-0.007075991007611111,0.7190785269465497,0.46639473610870413,0.0005666876123111284,0.0006285199983011176,0.0015015196058792482,2600000.3860055762,1300000.4857341417,100000000.82273686,1200000.0429661283,2000000.0,20000.0,275000.0,100.18178622210336,0.1866598236104792,1.5477792010323344,2.4516072955613497,1.4037607701539008,0.46724396846178623,1.0116581297935294,1.8015613172845952
0.31017887286314205,0.5376291774162929,0.9865163767897404,-0.007075991007611111,0.7190785269465497,0.46639473610870413,0.0005666876123111284,0.0006285199983011176,0.0015015196058792482,2600000.3860055762,1300000.4857341417,100000000.82273686,1200000.0429661283,8500000.0,20000.0,275000.0,100.18178622210336,0.1866598236104792,1.5477792010323344,2.4516072955613497,1.4037607701539008,0.46724396846178623,1.0116581297935294,1.8015613172845952
0.31017887286314205,0.5376291774162929,0.9865163767897404,-0.007075991007611111,0.7190785269465497,0.46639473610870413,0.0005666876123111284,0.0006285199983011176,0.0015015196058792482,2600000.3860055762,1300000.4857341417,100000000.82273686,1200000.0429661283,8.1,20000.0,275000.0,100.18178622210336,0.1866598236104792,1.5477792010323344,2.4516072955613497,1.4037607701539008,0.46724396846178623,1.0116581297935294,1.8015613172845952
0.31017887286314205,0.5376291774162929,0.9865163767897404,-0.007075991007611111,0.7190785269465497,0.46639473610870413,0.0005666876123111284,0.0006285199983011176,0.0015015196058792482,2600000.3860055762,1300000.4857341417,100000000.82273686,1200000.0429661283,8100.0,20000.0,275000.0,100.18178622210336,0.1866598236104792,1.5477792010323344,2.4516072955613497,1.4037607701539008,0.46724396846178623,1.0116581297935294,1.8015613172845952
0.31017887286314205,0.5376291774162929,0.9865163767897404,-0.007075991007611111,0.7190785269465497,0.46639473610870413,0.0005666876123111284,0.0006285199983011176,0.0015015196058792482,2600000.3860055762,1300000.4857341417,100000000.82273686,1200000.0429661283,8100000.0,20000.0,275000.0,100.18178622210336,0.1866598236104792,1.5477792010323344,2.4516072955613497,1.4037607701539008,0.46724396846178623,1.0116581297935294,1.8015613172845952
0.31017887286314205,0.5376291774162929,0.9865163767897404,-0.007075991007611111,0.7190785269465497,0.46639473610870413,0.0005666876123111284,0.0006285199983011176,0.0015015196058792482,2600000.3860055762,1300000.4857341417,100000000.82273686,1200000.0429661283,8050000.0,20000.0,275000.0,100.18178622210336,0.1866598236104792,1.5477792010323344,2.4516072955613497,1.4037607701539008,0.46724396846178623,1.0116581297935294,1.8015613172845952
0.31017887286314205,0.5376291774162929,0.9865163767897404,-0.007075991007611111,0.7190785269465497,0.46639473610870413,0.0005666876123111284,0.0006285199983011176,0.0015015196058792482,2600000.3860055762,1300000.4857341417,100000000.82273686,1200000.0429661283,7000000.0,20000.0,275000.0,100.18178622210336,0.1866598236104792,1.5477792010323344,2.4516072955613497,1.4037607701539008,0.46724396846178623,1.0116581297935294,1.8015613172845952
0.31017887286314205,0.5376291774162929,0.9865163767897404,-0.007075991007611111,0.7190785269465497,0.46639473610870413,0.0005666876123111284,0.0006285199983011176,0.0015015196058792482,2600000.3860055762,1300000.4857341417,100000000.82273686,1200000.0429661283,5000000.0,20000.0,275000.0,100.18178622210336,0.1866598236104792,1.5477792010323344,2.4516072955613497,1.4037607701539008,0.46724396846178623,1.0116581297935294,1.8015613172845952
0.31017887286314205,0.5376291774162929,0.9865163767897404,-0.007075991007611111,0.7190785269465497,0.46639473610870413,0.0005666876123111284,0.0006285199983011176,0.0015015196058792482,2600000.3860055762,1300000.4857341417,100000000.82273686,1200000.0429661283,6000000.0,20000.0,275000.0,100.18178622210336,0.1866598236104792,1.5477792010323344,2.4516072955613497,1.4037607701539008,0.46724396846178623,1.0116581297935294,1.8015613172845952
0.31017887286314205,0.5376291774162929,0.9865163767897404,-0.007075991007611111,0.7190785269465497,0.46639473610870413,0.0005666876123111284,0.0006285199983011176,0.0015015196058792482,2600000.3860055762,1300000.4857341417,100000000.82273686,1200000.0429661283,6500000.0,20000.0,275000.0,100.18178622210336,0.1866598236104792,1.5477792010323344,2.4516072955613497,1.4037607701539008,0.46724396846178623,1.0116581297935294,1.8015613172845952
0.31017887286314205,0.5376291774162929,0.9865163767897404,-0.007075991007611111,0.7190785269465497,0.46639473610870413,0.0005666876123111284,0.0006285199983011176,0.0015015196058792482,2600000.3860055762,1300000.4857341417,100000000.82273686,1200000.0429661283,5500000.0,20000.0,275000.0,100.18178622210336,0.1866598236104792,1.5477792010323344,2.4516072955613497,1.4037607701539008,0.46724396846178623,1.0116581297935294,1.8015613172845952
0.31017887286314205,0.5376291774162929,0.9865163767897404,-0.007075991007611111,0.7190785269465497,0.46639473610870413,0.0005666876123111284,0.0006285199983011176,0.0015015196058792482,2600000.3860055762,1300000.4857341417,100000000.82273686,1200000.0429661283,6000000.0,20000.0,275000.0,100.18178622210336,0.1866598236104792,1.5477792010323344,2.4516072955613497,1.4037607701539008,0.46724396846178623,1.0116581297935294,1.8015613172845952
0.31104853199463756,0.5467046592684783,0.9935975211504724,-0.014585286370612916,0.721647509968919,0.4686516990698716,0.000565144547088079,0.0006441690230600109,0.0009074541207515334,2600000.379360871,1300000.4824038981,100000000.82953805,1200000.0401698523,5999999.992084267,19999.996035939595,274999.9999740066,100.17175908793585,0.1872934280213577,1.5246900378107624,2.460589040747263,1.4087593540485726,0.4659914186864218,1.013398093721322,1.7993314767358861
0.31104853199463756,0.5467046592684783,0.9935975211504724,-0.014585286370612916,0.721647509968919,0.4686516990698716,0.000565144547088079,0.0006441690230600109,0.0009074541207515334,2600000.379360871,1300000.4824038981,100000000.82953805,1200000.0401698523,5999999.992084267,19999.996035939595,274999.9999740066,100.17175908793585,0.1872934280213577,1.5246900378107624,2.460589040747263,1.4087593540485726,0.4659914186864218,1.013398093721322,1.7993314767358861
0.31104853199463756,0.5467046592684783,0.9935975211504724,-0.014585286370612916,0.721647509968919,0.4686516990698716,0.000565144547088079,0.0006441690230600109,0.0009074541207515334,2600000.379360871,1300000.4824038981,100000000.82953805,1200000.0401698523,5999999.992084267,19999.996035939595,274999.9999740066,100.17175908793585,0.1872934280213577,1.5246900378107624,2.460589040747263,1.4087593540485726,0.4659914186864218,1.013398093721322,1.7993314767358861
0.05382766613527698,0.7055434081386818,0.6588601565717302,0.32147221253361974,0.7537187260296924,0.6500775388716808,600000.0464674158,300000.7171274519,100000000.00614671,400000.11424114456,1000.3413156237618,0.1815420119597889,1.4301537742835544,1.4803031886414613,1.745062105464443,0.47540496971119406,1.3243399932915159,1.18891423289563,28800000.436109055
0.5337525911179097,0.7353191179455565,0.8296653216534458,0.7795465666054644,0.7255585354688082,0.6627362618954833,600000.0696402448,300000.29449747864,100000000.64175244,400000.7407542525,1000.2804667522324,0.261486113793771,1.3067209715230865,1.888321995689771,1.3706668450894028,0.38439458120350395,1.448003187686331,1.523552773515482,28800000.340766776
0.045348846480746455,0.11862594071585109,0.29626991884992093,0.5181995000906892,0.5288687034417261,0.1431228752179069,600000.5425775942,300000.65375652805,100000000.08123091,400000.7661279785,1000.8812974431577,0.4572338043816575,1.7466579673871254,1.6884144050792487,1.123881155219288,0.8646849745386453,1.0719822201052287,1.6257072505265473,28800000.70452442
1.5328989859188904,4.573210475104306,4.982207715753423,7.748630994905065,0.006566615625008783,5.07002523411576,600001.9550356304,300002.2315303275,100000004.11450823,400005.2874105107,1000.1303557583077,-1.0024269954545824,4.5294226379176115,6.547733450809201,-0.36152792363228986,1.207408485983541,5.2554896926003325,7.182150827279619,28800008.789259482
1.5328989859188904,4.573210475104306,4.982207715753423,7.748630994905065,0.006566615625008783,5.07002523411576,600001.9550356304,300002.2315303275,100000004.11450823,400005.2874105107,1000.1303557583077,-1.0024269954545824,4.5294226379176115,6.547733450809201,-0.36152792363228986,1.207408485983541,5.2554896926003325,7.182150827279619,100000.0
1.5328989859188904,4.573210475104306,4.982207715753423,7.748630994905065,0.006566615625008783,5.07002523411576,600001.9550356304,300002.2315303275,100000004.11450823,400005.2874105107,1000.1303557583077,-1.0024269954545824,4.5294226379176115,6.547733450809201,-0.36152792363228986,1.207408485983541,5.2554896926003325,7.182150827279619,8000000.0
1.5328989859188904,4.573210475104306,4.982207715753423,7.748630994905065,0.006566615625008783,5.07002523411576,600001.9550356304,300002.2315303275,100000004.11450823,400005.2874105107,1000.1303557583077,-1.0024269954545824,4.5294226379176115,6.547733450809201,-0.36152792363228986,1.207408485983541,5.2554896926003325,7.182150827279619,800000000.0
1.5328989859188904,4.573210475104306,4.982207715753423,7.748630994905065,0.006566615625008783,5.07002523411576,600001.9550356304,300002.2315303275,100000004.11450823,400005.2874105107,1000.1303557583077,-1.0024269954545824,4.5294226379176115,6.547733450809201,-0.36152792363228986,1.207408485983541,5.2554896926003325,7.182150827279619,80000000.0
1.5328989859188904,4.573210475104306,4.982207715753423,7.748630994905065,0.006566615625008783,5.07002523411576,600001.9550356304,300002.2315303275,100000004.11450823,400005.2874105107,1000.1303557583077,-1.0024269954545824,4.5294226379176115,6.547733450809201,-0.36152792363228986,1.207408485983541,5.2554896926003325,7.182150827279619,5000000.0
1.5328989859188904,4.573210475104306,4.982207715753423,7.748630994905065,0.006566615625008783,5.07002523411576,600001.9550356304,300002.2315303275,100000004.11450823,400005.2874105107,1000.1303557583077,-1.0024269954545824,4.5294226379176115,6.547733450809201,-0.36152792363228986,1.207408485983541,5.2554896926003325,7.182150827279619,10000000.0
1.5328989859188904,4.573210475104306,4.982207715753423,7.748630994905065,0.006566615625008783,5.07002523411576,600001.9550356304,300002.2315303275,100000004.11450823,400005.2874105107,1000.1303557583077,-1.0024269954545824,4.5294226379176115,6.547733450809201,-0.36152792363228986,1.207408485983541,5.2554896926003325,7.182150827279619,25000000.0
1.5328989859188904,4.573210475104306,4.982207715753423,7.748630994905065,0.006566615625008783,5.07002523411576,600001.9550356304,300002.2315303275,100000004.11450823,400005.2874105107,1000.1303557583077,-1.0024269954545824,4.5294226379176115,6.547733450809201,-0.36152792363228986,1.207408485983541,5.2554896926003325,7.182150827279619,30000000.0
1.5328989859188904,4.573210475104306,4.982207715753423,7.748630994905065,0.006566615625008783,5.07002523411576,600001.9550356304,300002.2315303275,100000004.11450823,400005.2874105107,1000.1303557583077,-1.0024269954545824,4.5294226379176115,6.547733450809201,-0.36152792363228986,1.207408485983541,5.2554896926003325,7.182150827279619,29000000.0
1.5328989859188904,4.573210475104306,4.982207715753423,7.748630994905065,0.006566615625008783,5.07002523411576,600001.9550356304,300002.2315303275,100000004.11450823,400005.2874105107,1000.1303557583077,-1.0024269954545824,4.5294226379176115,6.547733450809201,-0.36152792363228986,1.207408485983541,5.2554896926003325,7.182150827279619,28800000.0
1.5328989859188904,4.573210475104306,4.982207715753423,7.748630994905065,0.006566615625008783,5.07002523411576,600001.9550356304,300002.2315303275,100000004.11450823,400005.2874105107,1000.1303557583077,-1.0024269954545824,4.5294226379176115,6.547733450809201,-0.36152792363228986,1.207408485983541,5.2554896926003325,7.182150827279619,28800008.789259482
1.5328989859188904,4.573210475104306,4.982207715753423,7.748630994905065,0.006566615625008783,5.07002523411576,2600000.0,1300000.0,100000004.11450823,400005.2874105107,1000.1303557583077,-1.0024269954545824,4.5294226379176115,6.547733450809201,-0.36152792363228986,1.207408485983541,5.2554896926003325,7.182150827279619,28800008.789259482
1.5328989859188904,4.573210475104306,4.982207715753423,7.748630994905065,0.006566615625008783,5.07002523411576,2600000.0,1300000.0,100000004.11450823,1200000.0,1000.1303557583077,-1.0024269954545824,4.5294226379176115,6.547733450809201,-0.36152792363228986,1.207408485983541,5.2554896926003325,7.182150827279619,28800008.789259482
1.7127199009824072,0.042026064636393905,2.0596680307863777,7.970098396926664,0.008340709726118755,4.8962679483988705,2599999.9352831617,1300000.1868807944,100000004.23309909,1199999.7947822774,1000.924855083974,-1.3274337463518897,4.565458270081465,6.124649960827011,-0.4924523700353659,1.3583758724466115,5.39654084408863,7.117046837765376,28800009.1826586
0.31104853199463756,0.5467046592684783,0.9935975211504724,-0.014585286370612916,0.721647509968919,0.4686516990698716,0.000565144547088079,0.0006441690230600109,0.0009074541207515334,2600000.379360871,1300000.4824038981,100000000.82953805,1200000.0401698523,5999999.992084267,19999.996035939595,274999.9999740066,100.17175908793585,0.1872934280213577,1.5246900378107624,2.460589040747263,1.4087593540485726,0.4659914186864218,1.013398093721322,1.7993314767358861
0.31104853199463756,0.5467046592684783,0.9935975211504724,-0.014585286370612916,0.721647509968919,0.4686516990698716,0.000565144547088079,0.0006441690230600109,0.0009074541207515334,2600000.379360871,1300000.4824038981,100000000.82953805,1200000.0401698523,5999999.992084267,19999.996035939595,274999.9999740066,100.17175908793585,0.1872934280213577,1.5246900378107624,2.460589040747263,1.4087593540485726,0.4659914186864218,1.013398093721322,1.7993314767358861
1.5328989859188904,4.573210475104306,4.982207715753423,7.748630994905065,0.006566615625008783,5.07002523411576,600001.9550356304,300002.2315303275,100000004.11450823,400005.2874105107,1000.1303557583077,-1.0024269954545824,4.5294226379176115,6.547733450809201,-0.36152792363228986,1.207408485983541,5.2554896926003325,7.182150827279619,28800008.789259482
1.5328989859188904,4.573210475104306,4.982207715753423,7.748630994905065,0.006566615625008783,5.07002523411576,600001.9550356304,300002.2315303275,100000004.11450823,400005.2874105107,1000.1303557583077,-1.0024269954545824,4.5294226379176115,6.547733450809201,-0.36152792363228986,1.207408485983541,5.2554896926003325,7.182150827279619,28800008.789259482
1.5328989859188904,4.573210475104306,4.982207715753423,7.748630994905065,0.006566615625008783,5.07002523411576,600001.9550356304,300002.2315303275,100000004.11450823,400005.2874105107,1000.1303557583077,-1.0024269954545824,4.5294226379176115,6.547733450809201,-0.36152792363228986,1.207408485983541,5.2554896926003325,7.182150827279619,28800008.789259482
0.31104853199463756,0.5467046592684783,0.9935975211504724,-0.014585286370612916,0.721647509968919,0.4686516990698716,0.000565144547088079,0.0006441690230600109,0.0009074541207515334,2600000.379360871,1300000.4824038981,100000000.82953805,1200000.0401698523,5999999.992084267,19999.996035939595,274999.9999740066,100.17175908793585,0.1872934280213577,1.5246900378107624,2.460589040747263,1.4087593540485726,0.4659914186864218,1.013398093721322,1.7993314767358861
0.31104853199463756,0.5467046592684783,0.9935975211504724,-0.014585286370612916,0.721647509968919,0.4686516990698716,0.000565144547088079,0.0006441690230600109,0.0009074541207515334,2600000.379360871,1300000.4824038981,100000000.82953805,1200000.0401698523,5999999.992084267,19999.996035939595,274999.9999740066,100.17175908793585,0.1872934280213577,1.5246900378107624,2.460589040747263,1.4087593540485726,0.4659914186864218,1.013398093721322,1.7993314767358861
1.5328989859188904,4.573210475104306,4.982207715753423,7.748630994905065,0.006566615625008783,5.07002523411576,600001.9550356304,300002.2315303275,100000004.11450823,400005.2874105107,1000.1303557583077,-1.0024269954545824,4.5294226379176115,6.547733450809201,-0.36152792363228986,1.207408485983541,5.2554896926003325,7.182150827279619,28800008.789259482
1.5328989859188904,4.573210475104306,4.982207715753423,7.748630994905065,0.006566615625008783,5.07002523411576,600001.9550356304,300002.2315303275,100000004.11450823,400005.2874105107,1000.1303557583077,-1.0024269954545824,4.5294226379176115,6.547733450809201,-0.36152792363228986,1.207408485983541,5.2554896926003325,7.182150827279619,28800008.789259482
1.5328989859188904,4.573210475104306,4.982207715753423,7.748630994905065,0.006566615625008783,5.07002523411576,600001.9550356304,300002.2315303275,100000004.11450823,400005.2874105107,1000.1303557583077,-1.0024269954545824,4.5294226379176115,6.547733450809201,-0.36152792363228986,1.207408485983541,5.2554896926003325,7.182150827279619,28800008.789259482
0.3657072823139197,0.937928754905399,0.28644748704826895,0.5188277660144607,0.36991968484678955,0.7821224528616741,2600000.131521409,1300000.1874453658,100000000.21283793,1200000.3513744595,100.83170730972601,0.8641749968783956,1.254294223921125,1.8728344893142315,1.689209044087875,0.21853430760859938,1.4214229509176297,1.1438515720283517,8000000.080284513
0.45492647754531235,0.15832307254410927,0.6671414648309064,0.8038821885518206,0.49558637010522033,0.31135996897686946,2600000.5071649384,1300000.5990179179,100000000.60301927,1200000.873927466,100.37458436698918,0.6220988571165827,1.8086473454171696,1.186151210930233,1.1249465704843238,0.7552101728284424,1.458388826676383,1.3729126803964786,8000000.702855544
0.31104853199463756,0.5467046592684783,0.9935975211504724,-0.014585286370612916,0.721647509968919,0.4686516990698716,0.000565144547088079,0.0006441690230600109,0.0009074541207515334,2600000.379360871,1300000.4824038981,100000000.82953805,1200000.0401698523,5999999.992084267,19999.996035939595,274999.9999740066,100.17175908793585,0.1872934280213577,1.5246900378107624,2.460589040747263,1.4087593540485726,0.4659914186864218,1.013398093721322,1.7993314767358861
0.31104853199463756,0.5467046592684783,0.9935975211504724,-0.014585286370612916,0.721647509968919,0.4686516990698716,0.000565144547088079,0.0006441690230600109,0.0009074541207515334,2600000.379360871,1300000.4824038981,100000000.82953805,1200000.0401698523,5999999.992084267,19999.996035939595,274999.9999740066,100.17175908793585,0.1872934280213577,1.5246900378107624,2.460589040747263,1.4087593540485726,0.4659914186864218,1.013398093721322,1.7993314767358861
0.25515183626965743,0.5929592180785186,0.7003975973823287,0.5197732460524904,0.7071941765286532,0.49674100250505043,2600000.744126814,1300000.8912409665,100000000.35767408,1200000.815946982,100.26340485251147,0.16584384336145555,1.2584310772725589,1.3635467692349605,1.8267883377774687,0.7319972149716524,1.893900839166582,1.4894561512372766,8000000.0951709235
0.11782542790588078,0.7935030732325334,0.958173654596876,0.6522758937940503,0.10661405436864578,0.15084526102294854,2600000.2759226537,1300000.3181013027,100000000.27405965,1200000.1835830873,100.14667942737134,0.7375388481490821,1.1521827572047674,1.1421495291588122,1.1978879793498272,0.28891729901260343,1.218756020461916,1.4495207519553086,8000000.73601289
0.01097569956284834,0.06443732672613124,0.3309986610066591,0.5821840063210748,0.7332090047432805,0.25368200263199614,2600000.7623044453,1300000.1858851917,100000000.53475522,1200000.4757966867,100.52292640622777,0.06754522382499903,1.6927687351807643,1.286012368568319,1.4030783411304282,0.6807566772810533,1.6671226098090233,1.5224546270739223,8000000.516324226
0.8996995868088683,0.9441502176870087,0.39299917685441543,0.2873192460787091,0.24058843920661707,0.4293565029702307,2600000.742771428,1300000.4764862433,100000000.36447163,1200000.837803841,100.047910886674,0.0295935682025179,1.2682407914429064,1.4795204776609088,1.69502306570807,0.6098149928436096,1.1284591459637938,1.1214573682037203,28000000.122896884
0.8581590405014553,0.15115527857347674,0.9128090078685351,0.3046326050883479,0.27260959274139573,0.1644424004585932,2600000.35410649,1300000.851006886,100000000.51387995,1200000.6885820676,100.77030182427923,0.46865451312379014,1.3648612405183145,1.0284987135206254,1.2340143009153464,0.5243302530947583,1.804037202861415,1.8002798739276584,280000000.8712836
0.37806598986797496,0.5734672681058732,0.4194863464610692,0.3222942566243371,0.6035866837411162,0.40487553346970984,2600000.519825726,1300000.6025797445,100000000.54125172,1200000.0571336374,100.18769607265112,0.20028731688591173,1.7852413224722234,1.0272807706370792,1.0957930091945647,0.7566228176553632,1.8401805852957471,1.4597403363454147,50000000.61842974
0.3543775669957696,0.896453367068959,0.5958864639797001,0.09386792546925878,0.37737040874723005,0.353946091379656,2600000.130760917,1300000.0812190338,100000000.1068946,1200000.013441872,100.23347662232017,0.8949536076829877,1.545428659988314,1.370911896101729,1.3871059001045887,0.2765546582266218,1.8849721834543218,1.6410964624443636,50000000.62096833
0.6753812724835488,0.589032983420633,1.3867997769224676,0.6137521379657667,1.2054982693623968,1.087537627506384,2600000.4588358174,1300000.5749999606,100000001.50397794,1200000.3269426294,100.75914185090674,0.6154344813128911,1.6500576790170811,3.262768664781866,1.607041294432952,1.3046518259262685,1.6482261054350267,2.3495556696113082,6000000.458225705
0.6325011210225495,1.4446895097551398,1.841291405254815,0.5111881576769861,1.559057992835024,1.198619948781026,2600000.882485669,1300000.5231702286,100000001.68350536,1200000.7140520075,100.84103693410829,0.8155277406922123,2.1995903539540347,2.5158752402982048,1.5634490382096933,0.5847361853988337,1.1728980185800006,2.673502989341621,10000000.143059282
0.7287954921137361,0.5846155069411479,1.738757605687677,0.43259966537423566,1.5340527332606955,0.6699171848311676,2600000.9472602066,1300000.7528234804,100000001.36639002,1200000.7556100967,100.74663515394222,0.9043029960126218,1.6255025722656145,2.7471446144297933,1.8833356445610374,1.2410647894898235,1.0567020125283082,2.381470568885648,100000000.11987059
1.002423348550899,0.8857342324741175,1.3740137891597826,0.34377489471275785,1.4658227461950006,0.933438753684604,2600000.7787427106,1300001.0944019943,100000001.20702854,1200000.8117388326,100.75859364127687,0.6265852044881546,2.133628143874322,2.517581414749525,1.9255043926681925,0.4800011523186586,1.5395074468223207,2.345242205284277,50000000.87989063
0.6736573212617059,0.6985349079129666,1.4329626737441643,0.34479497095603046,1.1629714417628396,0.6439489861127842,2600000.493892778,1300000.9621840194,100000001.51308857,1200000.116240223,100.19799206718653,0.8992747045428802,1.6523340905601125,2.550350146306384,1.5250760680291728,0.8337264837163159,1.8373123112351033,2.0584485893520754,30000000.00542079
1.065897069633475,0.6846413843223378,1.5210274597541231,0.5137632632435049,1.1948293133883552,0.789117589211486,2600000.5274048564,1300001.114631291,100000001.01896721,1200000.7811596543,100.6528590273894,0.6591361085393033,1.66578965638399,2.504521134267038,1.5538067711169115,1.0898372175204494,1.430512390087435,2.5406433222959564,20000000.574697245
0.90918490536403,0.6605010273651033,1.7845372844887435,0.7735216793964111,1.557569252702169,0.8143637243326942,2600000.5898738313,1300001.002629496,100000001.33237821,1200000.768411603,100.97797961970944,0.43624628266289656,2.331296091563293,2.725149163539531,2.0741452390783666,0.6764959121570129,1.4184503088990752,1.9435386832512953,10000000.471490303
1.0115539876268689,1.352130925720527,1.202941527673579,0.1064053462548049,1.6213436298189423,1.075099070534109,2600000.9408470863,1300000.7594583717,100000001.21061434,1200000.7143437967,100.37067785263405,0.621793018071112,1.6382016045852055,3.246152949740636,1.771194255954674,1.3043869894728783,1.1637870762614602,2.5329453120089562,1000000.0416614895
0.7808848060104737,0.9338729757393407,1.7395136538451643,0.8090873421461717,1.3332548072076778,0.6529074371808192,2600000.6453024056,1300000.6197698428,100000001.25395131,1200000.4784637678,100.47727820157198,0.22811232818689914,2.202534997057718,2.61805635526272,1.8212008608626646,0.8427003515186576,1.1253334426118504,2.253787139390796,1000000.2792744512
0.5109306676872315,0.5523047094695598,1.2468917227318397,0.7720715564661486,1.3813605564147013,1.1857280155018308,2600000.9305733154,1300000.6213780222,100000001.20306547,1200000.3190261975,100.39140561364822,0.6022981520690062,1.9455922395580514,3.354755877215349,1.6508148193746122,1.3439087848655278,1.6466511730351634,2.611157351620302,10000000.450664327
0.5365614343051922,1.3691381904415505,1.3155463050446086,0.03843485773008128,1.5032841723540515,0.9651872702779759,2600000.5545364707,1300001.2787437434,100000001.40071587,1200000.53243002,100.69134938429787,0.8149159715505585,2.045390355024983,3.0220642755040723,2.086075829352332,0.7118503837469341,1.0232392630470455,2.2846932765691657,30000000.509668984
0.48938895578373715,0.8579321848419508,1.044094831597711,0.2879314340688821,1.1302244620989006,1.2137315030677425,2600001.0935524283,1300001.0823474277,100000001.5425413,1200000.2523451974,101.01642302301757,0.7128227573985777,1.9972138990986887,3.1478219598373474,1.6737666715192159,1.310719045576695,1.1528522297546495,2.1733920585183535,50000000.757978864
0.5413917584330712,1.3503205270086611,1.4503211492470163,0.5304034736912714,1.4806647967773208,0.6698360394483012,2600000.6773874476,1300001.2193919385,100000001.40773791,1200000.930716482,100.42078061410145,0.26151997945836314,1.8353498693612054,3.1810728041180476,2.306588511618913,0.9204597589013785,1.4911605091778486,2.5304073121850283,40000000.51507464
0.8774749233268112,1.128623115157907,1.0787783557004222,0.2598146456760672,1.4727532495222944,1.2202056694675298,2600001.1093422365,1300000.713771191,100000001.0812924,1200000.6253977977,100.3920094176901,0.8813714411669005,1.6087470861174074,3.072874319162171,2.057001557935349,0.8713262439779037,1.9050028767269742,2.386754064569415,30000000.07117793
0.8441343136850432,0.8571323501762296,1.074882701004529,0.12524844853491443,1.3154756993123238,0.826062209419892,2600000.4370531808,1300000.6285322288,100000001.2319443,1200000.2431198745,100.77039949283939,0.8178800481775388,2.349655839117751,2.521780628972659,1.5321737343100217,0.9019550962037053,1.4250020333668083,2.489375648856025,20000000.398718283
1.1594570122731866,0.9132188775229169,1.3073393199652745,0.5616921208677511,1.2075472216274064,0.6407313203406345,2600001.0945341736,1300000.5733141305,100000001.3722455,1200000.8078690579,100.59291296680541,0.7679422188538604,2.215197212172027,3.075243944918719,2.0730493035707456,0.9918703476538367,1.70545542891429,1.8468688499365513,28000000.728373885
1.1931136238338937,0.6635049023726625,1.608644551051389,0.7800781817485964,1.4605382067257904,0.4933864814208251,2600000.4916120726,1300000.5426680965,100000001.41104744,1200000.837105394,100.36114096070492,0.5947533216138587,1.5299048368998358,2.811158331037746,1.7097762416954585,0.7734610157034303,1.747451940622402,2.221848530950069,28000000.513895396
5.513525816216971,8.546256275862918,3.02073786397542,4.874530618165929,5.712080795149074,3.1051534533476848,2600003.9003179674,1299998.8767283375,100000002.6755869,1200001.2069793462,102.77611213311849,3.52559818264918,-0.1428363992988192,7.146612225508174,-13.727995125047617,3.9443087322340564,4.128062721483203,5.733001724259938,28000001.522330616
0.31104853199463756,0.5467046592684783,0.9935975211504724,-0.014585286370612916,0.721647509968919,0.4686516990698716,0.000565144547088079,0.0006441690230600109,0.0009074541207515334,2600000.379360871,1300000.4824038981,100000000.82953805,1200000.0401698523,5999999.992084267,19999.996035939595,274999.9999740066,100.17175908793585,0.1872934280213577,1.5246900378107624,2.460589040747263,1.4087593540485726,0.4659914186864218,1.013398093721322,1.7993314767358861
0.31104853199463756,0.5467046592684783,0.9935975211504724,-0.014585286370612916,0.721647509968919,0.4686516990698716,0.000565144547088079,0.0006441690230600109,0.0009074541207515334,2600000.379360871,1300000.4824038981,100000000.82953805,1200000.0401698523,5999999.992084267,19999.996035939595,274999.9999740066,100.17175908793585,0.1872934280213577,1.5246900378107624,2.460589040747263,1.4087593540485726,0.4659914186864218,1.013398093721322,1.7993314767358861
0.31104853199463756,0.5467046592684783,0.9935975211504724,-0.014585286370612916,0.721647509968919,0.4686516990698716,0.000565144547088079,0.0006441690230600109,0.0009074541207515334,2600000.379360871,1300000.4824038981,100000000.82953805,1200000.0401698523,5999999.992084267,19999.996035939595,274999.9999740066,100.17175908793585,0.1872934280213577,1.5246900378107624,2.460589040747263,1.4087593540485726,0.4659914186864218,1.013398093721322,1.7993314767358861
0.31104853199463756,0.5467046592684783,0.9935975211504724,-0.014585286370612916,0.721647509968919,0.4686516990698716,0.000565144547088079,0.0006441690230600109,0.0009074541207515334,2600000.379360871,1300000.4824038981,100000000.82953805,1200000.0401698523,5999999.992084267,19999.996035939595,274999.9999740066,100.17175908793585,0.1872934280213577,1.5246900378107624,2.460589040747263,1.4087593540485726,0.4659914186864218,1.013398093721322,1.7993314767358861
0.31104853199463756,0.5467046592684783,0.9935975211504724,-0.014585286370612916,0.721647509968919,0.4686516990698716,0.000565144547088079,0.0006441690230600109,0.0009074541207515334,2600000.379360871,1300000.4824038981,100000000.82953805,1200000.0401698523,5999999.992084267,19999.996035939595,274999.9999740066,100.17175908793585,0.1872934280213577,1.5246900378107624,2.460589040747263,1.4087593540485726,0.4659914186864218,1.013398093721322,1.7993314767358861
0.31104853199463756,0.5467046592684783,0.9935975211504724,-0.014585286370612916,0.721647509968919,0.4686516990698716,0.000565144547088079,0.0006441690230600109,0.0009074541207515334,2600000.379360871,1300000.4824038981,100000000.82953805,1200000.0401698523,5999999.992084267,19999.996035939595,274999.9999740066,100.17175908793585,0.1872934280213577,1.5246900378107624,2.460589040747263,1.4087593540485726,0.4659914186864218,1.013398093721322,1.7993314767358861
0.9592810486173775,0.6113599110372845,1.0488629728628327,0.3394291495842393,0.8312263870940861,0.8995041479584396,2600000.7836310905,1300001.1316321255,100000001.60024343,1200000.7897373298,100.92313372555904,0.7062955867676103,1.9687602626020184,3.232243069862429,1.7168483273019999,0.4750582059167169,1.594621064687996,1.8870708944266152,28000000.002787344
0.39241438092922803,0.8410856089003119,1.6052252666263358,0.08429756561042162,1.558861707841805,0.4721365078397085,2600000.4257690837,1300000.9247580746,100000000.83648778,1200000.1751940853,100.94259995847021,0.23077039113745534,2.30394975174446,2.9255370397068736,1.592146903941971,0.8345123903830329,1.680667123404125,2.0359762492515485,28000000.884059306
0.659647394046059,1.0875141580205492,1.0516497378506608,0.23068309601115433,1.0616144829239291,1.3596424783237901,2600000.7919417247,1300000.554916015,100000000.89256574,1200000.104293292,100.30943681928677,0.2952340080203087,2.2688181214120307,2.8747127208240655,1.7094910614466876,0.7427997736623737,1.5046301077835416,1.817010160597305,28000000.55823028
1.186651080135124,0.9070413597682803,1.38761882360618,0.23344578697857823,1.4135531815780753,0.5812683090909738,2600000.821287282,1300000.4874952026,100000001.10419895,1200000.2813611533,100.28255433535725,0.8199472447172668,1.6245626968509483,3.264652021360094,1.8984932280122253,0.7618838747065284,1.592443066574337,1.8872569956536636,28000000.619165704
0.31104853199463756,0.5467046592684783,0.9935975211504724,-0.014585286370612916,0.721647509968919,0.4686516990698716,0.000565144547088079,0.0006441690230600109,0.0009074541207515334,2600000.379360871,1300000.4824038981,100000000.82953805,1200000.0401698523,5999999.992084267,19999.996035939595,274999.9999740066,100.17175908793585,0.1872934280213577,1.5246900378107624,2.460589040747263,1.4087593540485726,0.4659914186864218,1.013398093721322,1.7993314767358861
0.31104853199463756,0.5467046592684783,0.9935975211504724,-0.014585286370612916,0.721647509968919,0.4686516990698716,0.000565144547088079,0.0006441690230600109,0.0009074541207515334,2600000.379360871,1300000.4824038981,100000000.82953805,1200000.0401698523,5999999.992084267,19999.996035939595,274999.9999740066,100.17175908793585,0.1872934280213577,1.5246900378107624,2.460589040747263,1.4087593540485726,0.4659914186864218,1.013398093721322,1.7993314767358861
0.31104853199463756,0.5467046592684783,0.9935975211504724,-0.014585286370612916,0.721647509968919,0.4686516990698716,0.000565144547088079,0.0006441690230600109,0.0009074541207515334,2600000.379360871,1300000.4824038981,100000000.82953805,1200000.0401698523,5999999.992084267,19999.996035939595,274999.9999740066,100.17175908793585,0.1872934280213577,1.5246900378107624,2.460589040747263,1.4087593540485726,0.4659914186864218,1.013398093721322,1.7993314767358861
0.31104853199463756,0.5467046592684783,0.9935975211504724,-0.014585286370612916,0.721647509968919,0.4686516990698716,0.000565144547088079,0.0006441690230600109,0.0009074541207515334,2600000.379360871,1300000.4824038981,100000000.82953805,1200000.0401698523,5999999.992084267,19999.996035939595,274999.9999740066,100.17175908793585,0.1872934280213577,1.5246900378107624,2.460589040747263,1.4087593540485726,0.4659914186864218,1.013398093721322,1.7993314767358861
0.31104853199463756,0.5467046592684783,0.9935975211504724,-0.014585286370612916,0.721647509968919,0.4686516990698716,0.000565144547088079,0.0006441690230600109,0.0009074541207515334,2600000.379360871,1300000.4824038981,100000000.82953805,1200000.0401698523,5999999.992084267,19999.996035939595,274999.9999740066,100.17175908793585,0.1872934280213577,1.5246900378107624,2.460589040747263,1.4087593540485726,0.4659914186864218,1.013398093721322,1.7993314767358861
0.31104853199463756,0.5467046592684783,0.9935975211504724,-0.014585286370612916,0.721647509968919,0.4686516990698716,0.000565144547088079,0.0006441690230600109,0.0009074541207515334,2600000.379360871,1300000.4824038981,100000000.82953805,1200000.0401698523,5999999.992084267,19999.996035939595,274999.9999740066,100.17175908793585,0.1872934280213577,1.5246900378107624,2.460589040747263,1.4087593540485726,0.4659914186864218,1.013398093721322,1.7993314767358861
0.31104853199463756,0.5467046592684783,0.9935975211504724,-0.014585286370612916,0.721647509968919,0.4686516990698716,0.000565144547088079,0.0006441690230600109,0.0009074541207515334,2600000.379360871,1300000.4824038981,100000000.82953805,1200000.0401698523,5999999.992084267,19999.996035939595,274999.9999740066,100.17175908793585,0.1872934280213577,1.5246900378107624,2.460589040747263,1.4087593540485726,0.4659914186864218,1.013398093721322,1.7993314767358861
0.31104853199463756,0.5467046592684783,0.9935975211504724,-0.014585286370612916,0.721647509968919,0.4686516990698716,0.000565144547088079,0.0006441690230600109,0.0009074541207515334,2600000.379360871,1300000.4824038981,100000000.82953805,1200000.0401698523,5999999.992084267,19999.996035939595,274999.9999740066,100.17175908793585,0.1872934280213577,1.5246900378107624,2.460589040747263,1.4087593540485726,0.4659914186864218,1.013398093721322,1.7993314767358861
0.31104853199463756,0.5467046592684783,0.9935975211504724,-0.014585286370612916,0.721647509968919,0.4686516990698716,0.000565144547088079,0.0006441690230600109,0.0009074541207515334,2600000.379360871,1300000.4824038981,100000000.82953805,1200000.0401698523,5999999.992084267,19999.996035939595,274999.9999740066,100.17175908793585,0.1872934280213577,1.5246900378107624,2.460589040747263,1.4087593540485726,0.4659914186864218,1.013398093721322,1.7993314767358861
0.31104853199463756,0.5467046592684783,0.9935975211504724,-0.014585286370612916,0.721647509968919,0.4686516990698716,0.000565144547088079,0.0006441690230600109,0.0009074541207515334,2600000.379360871,1300000.4824038981,100000000.82953805,1200000.0401698523,5999999.992084267,19999.996035939595,274999.9999740066,100.17175908793585,0.1872934280213577,1.5246900378107624,2.460589040747263,1.4087593540485726,0.4659914186864218,1.013398093721322,1.7993314767358861
0.31104853199463756,0.5467046592684783,0.9935975211504724,-0.014585286370612916,0.721647509968919,0.4686516990698716,0.000565144547088079,0.0006441690230600109,0.0009074541207515334,2600000.379360871,1300000.4824038981,100000000.82953805,1200000.0401698523,5999999.992084267,19999.996035939595,274999.9999740066,100.17175908793585,0.1872934280213577,1.5246900378107624,2.460589040747263,1.4087593540485726,0.4659914186864218,1.013398093721322,1.7993314767358861
0.31104853199463756,0.5467046592684783,0.9935975211504724,-0.014585286370612916,0.721647509968919,0.4686516990698716,0.000565144547088079,0.0006441690230600109,0.0009074541207515334,2600000.379360871,1300000.4824038981,100000000.82953805,1200000.0401698523,5999999.992084267,19999.996035939595,274999.9999740066,100.17175908793585,0.1872934280213577,1.5246900378107624,2.460589040747263,1.4087593540485726,0.4659914186864218,1.013398093721322,1.7993314767358861
0.31104853199463756,0.5467046592684783,0.9935975211504724,-0.014585286370612916,0.721647509968919,0.4686516990698716,0.000565144547088079,0.0006441690230600109,0.0009074541207515334,2600000.379360871,1300000.4824038981,100000000.82953805,1200000.0401698523,5999999.992084267,19999.996035939595,274999.9999740066,100.17175908793585,0.1872934280213577,1.5246900378107624,2.460589040747263,1.4087593540485726,0.4659914186864218,1.013398093721322,1.7993314767358861
0.31104853199463756,0.5467046592684783,0.9935975211504724,-0.014585286370612916,0.721647509968919,0.4686516990698716,0.000565144547088079,0.0006441690230600109,0.0009074541207515334,2600000.379360871,1300000.4824038981,100000000.82953805,1200000.0401698523,5999999.992084267,19999.996035939595,274999.9999740066,100.17175908793585,0.1872934280213577,1.5246900378107624,2.460589040747263,1.4087593540485726,0.4659914186864218,1.013398093721322,1.7993314767358861
0.31104853199463756,0.5467046592684783,0.9935975211504724,-0.014585286370612916,0.721647509968919,0.4686516990698716,0.000565144547088079,0.0006441690230600109,0.0009074541207515334,2600000.379360871,1300000.4824038981,100000000.82953805,1200000.0401698523,5999999.992084267,19999.996035939595,274999.9999740066,100.17175908793585,0.1872934280213577,1.5246900378107624,2.460589040747263,1.4087593540485726,0.4659914186864218,1.013398093721322,1.7993314767358861
0.31104853199463756,0.5467046592684783,0.9935975211504724,-0.014585286370612916,0.721647509968919,0.4686516990698716,0.000565144547088079,0.0006441690230600109,0.0009074541207515334,2600000.379360871,1300000.4824038981,100000000.82953805,1200000.0401698523,5999999.992084267,19999.996035939595,274999.9999740066,100.17175908793585,0.1872934280213577,1.5246900378107624,2.460589040747263,1.4087593540485726,0.4659914186864218,1.013398093721322,1.7993314767358861
0.31104853199463756,0.5467046592684783,0.9935975211504724,-0.014585286370612916,0.721647509968919,0.4686516990698716,0.000565144547088079,0.0006441690230600109,0.0009074541207515334,2600000.379360871,1300000.4824038981,100000000.82953805,1200000.0401698523,5999999.992084267,19999.996035939595,274999.9999740066,100.17175908793585,0.1872934280213577,1.5246900378107624,2.460589040747263,1.4087593540485726,0.4659914186864218,1.013398093721322,1.7993314767358861
0.31104853199463756,0.5467046592684783,0.9935975211504724,-0.014585286370612916,0.721647509968919,0.4686516990698716,0.000565144547088079,0.0006441690230600109,0.0009074541207515334,2600000.379360871,1300000.4824038981,100000000.82953805,1200000.0401698523,5999999.992084267,19999.996035939595,274999.9999740066,100.17175908793585,0.1872934280213577,1.5246900378107624,2.460589040747263,1.4087593540485726,0.4659914186864218,1.013398093721322,1.7993314767358861
0.31104853199463756,0.5467046592684783,0.9935975211504724,-0.014585286370612916,0.721647509968919,0.4686516990698716,0.000565144547088079,0.0006441690230600109,0.0009074541207515334,2600000.379360871,1300000.4824038981,100000000.82953805,1200000.0401698523,5999999.992084267,19999.996035939595,274999.9999740066,100.17175908793585,0.1872934280213577,1.5246900378107624,2.460589040747263,1.4087593540485726,0.4659914186864218,1.013398093721322,1.7993314767358861
0.31104853199463756,0.5467046592684783,0.9935975211504724,-0.014585286370612916,0.721647509968919,0.4686516990698716,0.000565144547088079,0.0006441690230600109,0.0009074541207515334,2600000.379360871,1300000.4824038981,100000000.82953805,1200000.0401698523,5999999.992084267,19999.996035939595,274999.9999740066,100.17175908793585,0.1872934280213577,1.5246900378107624,2.460589040747263,1.4087593540485726,0.4659914186864218,1.013398093721322,1.7993314767358861
0.31104853199463756,0.5467046592684783,0.9935975211504724,-0.014585286370612916,0.721647509968919,0.4686516990698716,0.000565144547088079,0.0006441690230600109,0.0009074541207515334,2600000.379360871,1300000.4824038981,100000000.82953805,1200000.0401698523,5999999.992084267,19999.996035939595,274999.9999740066,100.17175908793585,0.1872934280213577,1.5246900378107624,2.460589040747263,1.4087593540485726,0.4659914186864218,1.013398093721322,1.7993314767358861
0.31104853199463756,0.5467046592684783,0.9935975211504724,-0.014585286370612916,0.721647509968919,0.4686516990698716,0.000565144547088079,0.0006441690230600109,0.0009074541207515334,2600000.379360871,1300000.4824038981,100000000.82953805,1200000.0401698523,5999999.992084267,19999.996035939595,274999.9999740066,100.17175908793585,0.1872934280213577,1.5246900378107624,2.460589040747263,1.4087593540485726,0.4659914186864218,1.013398093721322,1.7993314767358861
0.31104853199463756,0.5467046592684783,0.9935975211504724,-0.014585286370612916,0.721647509968919,0.4686516990698716,0.000565144547088079,0.0006441690230600109,0.0009074541207515334,2600000.379360871,1300000.4824038981,100000000.82953805,1200000.0401698523,5999999.992084267,19999.996035939595,274999.9999740066,100.17175908793585,0.1872934280213577,1.5246900378107624,2.460589040747263,1.4087593540485726,0.4659914186864218,1.013398093721322,1.7993314767358861
